1.00000005E-03	0.286533862
1.09999999E-02	0.292984247
2.09999997E-02	0.293068051
3.09999995E-02	0.293204278
4.10000011E-02	0.293393016
5.09999990E-02	0.293634385
6.10000007E-02	0.293928474
7.10000023E-02	0.294275492
8.10000002E-02	0.294675589
9.09999982E-02	0.295129001
0.101000004	0.295635998
0.111000001	0.296196848
0.120999999	0.296811819
0.130999997	0.297481328
0.141000003	0.298205703
0.150999993	0.298985332
0.160999998	0.299820662
0.171000004	0.300712168
0.180999994	0.301660329
0.191000000	0.302665681
0.201000005	0.303728789
0.210999995	0.304850221
0.221000001	0.306030631
0.231000006	0.307270646
0.240999997	0.308570981
0.250999987	0.309932381
0.261000007	0.311355561
0.270999998	0.312841356
0.280999988	0.314390600
0.291000009	0.316004157
0.300999999	0.317682892
0.310999990	0.319427818
0.321000010	0.321239889
0.331000000	0.323120087
0.340999991	0.325069547
0.351000011	0.327089310
0.361000001	0.329180539
0.370999992	0.331344455
0.381000012	0.333582193
0.391000003	0.335895091
0.400999993	0.338284463
0.411000013	0.340751618
0.421000004	0.343297958
0.430999994	0.345924944
0.441000015	0.348634064
0.451000005	0.351426870
0.460999995	0.354304880
0.470999986	0.357269764
0.481000006	0.360323191
0.490999997	0.363466889
0.500999987	0.366702616
0.510999978	0.370032191
0.521000028	0.373457462
0.531000018	0.376980364
0.541000009	0.380602866
0.550999999	0.384326965
0.560999990	0.388154745
0.570999980	0.392088264
0.580999970	0.396129727
0.591000021	0.400281310
0.601000011	0.404545277
0.611000001	0.408923954
0.620999992	0.413419604
0.630999982	0.418034703
0.640999973	0.422771603
0.651000023	0.427632838
0.661000013	0.432620853
0.671000004	0.437738240
0.680999994	0.442987561
0.690999985	0.448371410
0.700999975	0.453892469
0.711000025	0.459553331
0.721000016	0.465356737
0.731000006	0.471305341
0.740999997	0.477401853
0.750999987	0.483649015
0.760999978	0.490049511
0.771000028	0.496606022
0.781000018	0.503321230
0.791000009	0.510197878
0.800999999	0.517238498
0.810999990	0.524445653
0.820999980	0.531821966
0.830999970	0.539369881
0.841000021	0.547091722
0.851000011	0.554989815
0.861000001	0.563066363
0.870999992	0.571323395
0.880999982	0.579762876
0.890999973	0.588386595
0.901000023	0.597196162
0.911000013	0.606192887
0.921000004	0.615378082
0.930999994	0.624752581
0.940999985	0.634317219
0.950999975	0.644072235
0.961000025	0.654017866
0.971000016	0.664153755
0.981000006	0.674479306
0.990999997	0.684993505
1.00100005	0.695694923
1.01100004	0.706581593
1.02100003	0.717651129
1.03100002	0.728900492
1.04100001	0.740326345
1.05100000	0.751924396
1.06099999	0.763689995
1.07099998	0.775617778
1.08099997	0.787701547
1.09099996	0.799934447
1.10099995	0.812308908
1.11099994	0.824816525
1.12100005	0.837448061
1.13100004	0.850193381
1.14100003	0.863041580
1.15100002	0.875980794
1.16100001	0.888998270
1.17100000	0.902080357
1.18099999	0.915212393
1.19099998	0.928378940
1.20099998	0.941563487
1.21099997	0.954748750
1.22099996	0.967916489
1.23099995	0.981047690
1.24100006	0.994122386
1.25100005	1.00712013
1.26100004	1.02001941
1.27100003	1.03279829
1.28100002	1.04543424
1.29100001	1.05790436
1.30100000	1.07018495
1.31099999	1.08225262
1.32099998	1.09408343
1.33099997	1.10565329
1.34099996	1.11693859
1.35099995	1.12791550
1.36099994	1.13856077
1.37100005	1.14885163
1.38100004	1.15876579
1.39100003	1.16828179
1.40100002	1.17737925
1.41100001	1.18603837
1.42100000	1.19424117
1.43099999	1.20197034
1.44099998	1.20921040
1.45099998	1.21594715
1.46099997	1.22216821
1.47099996	1.22786283
1.48099995	1.23302197
1.49100006	1.23763871
1.50100005	1.24170756
1.51100004	1.24522531
1.52100003	1.24819064
1.53100002	1.25060403
1.54100001	1.25246787
1.55100000	1.25378644
1.56099999	1.25456583
1.57099998	1.25481391
1.58099997	1.25454021
1.59099996	1.25375581
1.60099995	1.25247324
1.61099994	1.25070655
1.62100005	1.24847078
1.63100004	1.24578249
1.64100003	1.24265885
1.65100002	1.23911822
1.66100001	1.23517966
1.67100000	1.23086274
1.68099999	1.22618747
1.69099998	1.22117472
1.70099998	1.21584511
1.71099997	1.21021950
1.72099996	1.20431924
1.73099995	1.19816506
1.74100006	1.19177783
1.75100005	1.18517816
1.76100004	1.17838645
1.77100003	1.17142248
1.78100002	1.16430593
1.79100001	1.15705550
1.80100000	1.14968991
1.81099999	1.14222682
1.82099998	1.13468349
1.83099997	1.12707663
1.84099996	1.11942208
1.85099995	1.11173522
1.86099994	1.10403037
1.87100005	1.09632158
1.88100004	1.08862197
1.89100003	1.08094406
1.90100002	1.07329953
1.91100001	1.06569970
1.92100000	1.05815482
1.93099999	1.05067492
1.94099998	1.04326916
1.95099998	1.03594601
1.96099997	1.02871370
1.97099996	1.02157950
1.98099995	1.01455045
1.99100006	1.00763285
2.00099993	1.00083280
2.01099992	0.994155586
2.02099991	0.987606287
2.03099990	0.981189430
2.04099989	0.974909306
2.05100012	0.968769670
2.06100011	0.962773979
2.07100010	0.956925452
2.08100009	0.951226830
2.09100008	0.945680797
2.10100007	0.940289497
2.11100006	0.935055077
2.12100005	0.929979324
2.13100004	0.925063789
2.14100003	0.920309901
2.15100002	0.915718973
2.16100001	0.911291957
2.17100000	0.907029748
2.18099999	0.902933300
2.19099998	0.899003088
2.20099998	0.895239711
2.21099997	0.891643703
2.22099996	0.888215303
2.23099995	0.884954870
2.24099994	0.881862521
2.25099993	0.878938496
2.26099992	0.876182854
2.27099991	0.873595655
2.28099990	0.871176839
2.29099989	0.868926406
2.30100012	0.866844356
2.31100011	0.864930511
2.32100010	0.863184810
2.33100009	0.861607075
2.34100008	0.860197246
2.35100007	0.858955145
2.36100006	0.857880652
2.37100005	0.856973529
2.38100004	0.856233716
2.39100003	0.855660915
2.40100002	0.855255067
2.41100001	0.855015934
2.42100000	0.854943335
2.43099999	0.855037153
2.44099998	0.855297148
2.45099998	0.855723083
2.46099997	0.856314838
2.47099996	0.857072115
2.48099995	0.857994676
2.49099994	0.859082341
2.50099993	0.860334814
2.51099992	0.861751735
2.52099991	0.863332748
2.53099990	0.865077555
2.54099989	0.866985679
2.55100012	0.869056642
2.56100011	0.871289849
2.57100010	0.873684764
2.58100009	0.876240671
2.59100008	0.878956735
2.60100007	0.881832182
2.61100006	0.884865999
2.62100005	0.888056993
2.63100004	0.891404033
2.64100003	0.894905746
2.65100002	0.898560524
2.66100001	0.902366698
2.67100000	0.906322360
2.68099999	0.910425425
2.69099998	0.914673626
2.70099998	0.919064283
2.71099997	0.923594713
2.72099996	0.928261817
2.73099995	0.933062196
2.74099994	0.937992215
2.75099993	0.943047881
2.76099992	0.948224843
2.77099991	0.953518450
2.78099990	0.958923519
2.79099989	0.964434683
2.80100012	0.970045984
2.81100011	0.975751102
2.82100010	0.981543243
2.83100009	0.987415135
2.84100008	0.993359029
2.85100007	0.999366701
2.86100006	1.00542939
2.87100005	1.01153791
2.88100004	1.01768231
2.89100003	1.02385247
2.90100002	1.03003752
2.91100001	1.03622591
2.92100000	1.04240608
2.93099999	1.04856539
2.94099998	1.05469120
2.95099998	1.06077003
2.96099997	1.06678832
2.97099996	1.07273173
2.98099995	1.07858586
2.99099994	1.08433580
3.00099993	1.08996665
3.01099992	1.09546292
3.02099991	1.10080922
3.03099990	1.10599005
3.04099989	1.11098981
3.05100012	1.11579323
3.06100011	1.12038481
3.07100010	1.12474966
3.08100009	1.12887299
3.09100008	1.13274074
3.10100007	1.13633907
3.11100006	1.13965487
3.12100005	1.14267576
3.13100004	1.14539051
3.14100003	1.14778829
3.15100002	1.14985955
3.16100001	1.15159583
3.17100000	1.15298986
3.18099999	1.15403557
3.19099998	1.15472829
3.20099998	1.15506446
3.21099997	1.15504217
3.22099996	1.15466082
3.23099995	1.15392137
3.24099994	1.15282607
3.25099993	1.15137863
3.26099992	1.14958441
3.27099991	1.14744985
3.28099990	1.14498293
3.29099989	1.14219284
3.30100012	1.13909018
3.31100011	1.13568640
3.32100010	1.13199425
3.33100009	1.12802744
3.34100008	1.12380040
3.35100007	1.11932838
3.36100006	1.11462760
3.37100005	1.10971451
3.38100004	1.10460615
3.39100003	1.09931993
3.40100002	1.09387338
3.41100001	1.08828449
3.42100000	1.08257079
3.43099999	1.07675040
3.44099998	1.07084072
3.45099998	1.06485915
3.46099997	1.05882311
3.47099996	1.05274904
3.48099995	1.04665351
3.49099994	1.04055238
3.50099993	1.03446090
3.51099992	1.02839375
3.52099991	1.02236533
3.53099990	1.01638889
3.54099989	1.01047754
3.55100012	1.00464320
3.56100011	0.998897612
3.57100010	0.993251503
3.58100009	0.987715006
3.59100008	0.982297540
3.60100007	0.977007866
3.61100006	0.971854150
3.62100005	0.966843724
3.63100004	0.961983502
3.64100003	0.957279623
3.65100002	0.952737629
3.66100001	0.948362589
3.67100000	0.944158852
3.68099999	0.940130413
3.69099998	0.936280608
3.70099998	0.932612419
3.71099997	0.929128170
3.72099996	0.925829947
3.73099995	0.922719240
3.74099994	0.919797242
3.75099993	0.917064786
3.76099992	0.914522231
3.77099991	0.912169755
3.78099990	0.910007060
3.79099989	0.908033669
3.80100012	0.906248748
3.81100011	0.904651225
3.82100010	0.903239787
3.83100009	0.902012825
3.84100008	0.900968552
3.85100007	0.900105000
3.86100006	0.899419963
3.87100005	0.898911059
3.88100004	0.898575664
3.89100003	0.898411036
3.90100002	0.898414373
3.91100001	0.898582518
3.92100000	0.898912251
3.93099999	0.899400353
3.94099998	0.900043249
3.95099998	0.900837362
3.96099997	0.901778936
3.97099996	0.902864218
3.98099995	0.904089212
3.99099994	0.905449808
4.00099993	0.906941950
4.01100016	0.908561230
4.02099991	0.910303414
4.03100014	0.912164032
4.04099989	0.914138496
4.05100012	0.916222155
4.06099987	0.918410420
4.07100010	0.920698345
4.08099985	0.923081219
4.09100008	0.925554097
4.10099983	0.928111911
4.11100006	0.930749655
4.12099981	0.933462203
4.13100004	0.936244428
4.14099979	0.939091086
4.15100002	0.941996992
4.16099977	0.944956779
4.17100000	0.947965205
4.18100023	0.951016963
4.19099998	0.954106629
4.20100021	0.957228899
4.21099997	0.960378408
4.22100019	0.963549793
4.23099995	0.966737747
4.24100018	0.969936907
4.25099993	0.973141968
4.26100016	0.976347744
4.27099991	0.979549050
4.28100014	0.982740641
4.29099989	0.985917509
4.30100012	0.989074588
4.31099987	0.992206991
4.32100010	0.995309830
4.33099985	0.998378456
4.34100008	1.00140810
4.35099983	1.00439441
4.36100006	1.00733280
4.37099981	1.01021922
4.38100004	1.01304936
4.39099979	1.01581943
4.40100002	1.01852548
4.41099977	1.02116394
4.42100000	1.02373123
4.43100023	1.02622426
4.44099998	1.02863967
4.45100021	1.03097475
4.46099997	1.03322661
4.47100019	1.03539276
4.48099995	1.03747082
4.49100018	1.03945875
4.50099993	1.04135454
4.51100016	1.04315650
4.52099991	1.04486310
4.53100014	1.04647315
4.54099989	1.04798532
4.55100012	1.04939878
4.56099987	1.05071294
4.57100010	1.05192721
4.58099985	1.05304146
4.59100008	1.05405545
4.60099983	1.05496931
4.61100006	1.05578339
4.62099981	1.05649805
4.63100004	1.05711412
4.64099979	1.05763233
4.65100002	1.05805373
4.66099977	1.05837941
4.67100000	1.05861068
4.68100023	1.05874896
4.69099998	1.05879605
4.70100021	1.05875349
4.71099997	1.05862319
4.72100019	1.05840707
4.73099995	1.05810726
4.74100018	1.05772603
4.75099993	1.05726552
4.76100016	1.05672801
4.77099991	1.05611622
4.78100014	1.05543232
4.79099989	1.05467916
4.80100012	1.05385911
4.81099987	1.05297506
4.82100010	1.05202949
4.83099985	1.05102527
4.84100008	1.04996514
4.85099983	1.04885185
4.86100006	1.04768825
4.87099981	1.04647708
4.88100004	1.04522109
4.89099979	1.04392314
4.90100002	1.04258597
4.91099977	1.04121244
4.92100000	1.03980517
4.93100023	1.03836691
4.94099998	1.03690028
4.95100021	1.03540814
4.96099997	1.03389287
4.97100019	1.03235734
4.98099995	1.03080368
4.99100018	1.02923477
5.00099993	1.02765286
5.01100016	1.02606034
5.02099991	1.02445948
5.03100014	1.02285278
5.04099989	1.02124238
5.05100012	1.01963043
5.06099987	1.01801896
5.07100010	1.01641023
5.08099985	1.01480603
5.09100008	1.01320839
5.10099983	1.01161909
5.11100006	1.01004016
5.12099981	1.00847316
5.13100004	1.00691986
5.14099979	1.00538194
5.15100002	1.00386071
5.16099977	1.00235808
5.17100000	1.00087512
5.18100023	0.999413431
5.19099998	0.997974217
5.20100021	0.996558905
5.21099997	0.995168567
5.22100019	0.993804395
5.23099995	0.992467463
5.24100018	0.991158843
5.25099993	0.989879549
5.26100016	0.988630414
5.27099991	0.987412453
5.28100014	0.986226380
5.29099989	0.985072970
5.30100012	0.983952999
5.31099987	0.982867181
5.32100010	0.981816053
5.33099985	0.980800211
5.34100008	0.979820251
5.35099983	0.978876591
5.36100006	0.977969706
5.37099981	0.977100015
5.38100004	0.976267815
5.39099979	0.975473523
5.40100002	0.974717319
5.41099977	0.973999500
5.42100000	0.973320246
5.43100023	0.972679675
5.44099998	0.972078025
5.45100021	0.971515298
5.46099997	0.970991492
5.47100019	0.970506787
5.48099995	0.970061004
5.49100018	0.969654202
5.50099993	0.969286263
5.51100016	0.968957007
5.52099991	0.968666434
5.53100014	0.968414247
5.54099989	0.968200266
5.55100012	0.968024313
5.56099987	0.967886031
5.57100010	0.967785239
5.58099985	0.967721522
5.59100008	0.967694581
5.60099983	0.967704058
5.61100006	0.967749536
5.62099981	0.967830598
5.63100004	0.967946768
5.64099979	0.968097568
5.65100002	0.968282580
5.66099977	0.968501210
5.67100000	0.968752980
5.68100023	0.969037235
5.69099998	0.969353497
5.70100021	0.969701052
5.71099997	0.970079303
5.72100019	0.970487654
5.73099995	0.970925391
5.74100018	0.971391797
5.75099993	0.971886218
5.76100016	0.972407937
5.77099991	0.972956121
5.78100014	0.973530054
5.79099989	0.974128902
5.80100012	0.974751949
5.81099987	0.975398362
5.82100010	0.976067245
5.83099985	0.976757824
5.84100008	0.977469206
5.85099983	0.978200495
5.86100006	0.978950799
5.87099981	0.979719281
5.88100004	0.980504930
5.89099979	0.981306851
5.90100002	0.982124090
5.91099977	0.982955754
5.92100000	0.983800828
5.93100023	0.984658301
5.94099998	0.985527277
5.95100021	0.986406744
5.96099997	0.987295687
5.97100019	0.988193154
5.98099995	0.989098072
5.99100018	0.990009427
6.00099993	0.990926266
6.01100016	0.991847515
6.02099991	0.992772222
6.03100014	0.993699253
6.04099989	0.994627714
6.05100012	0.995556474
6.06099987	0.996484637
6.07100010	0.997411072
6.08099985	0.998334765
6.09100008	0.999254823
6.10099983	1.00017011
6.11100006	1.00107980
6.12099981	1.00198269
6.13100004	1.00287795
6.14099979	1.00376451
6.15100002	1.00464153
6.16099977	1.00550807
6.17100000	1.00636315
6.18100023	1.00720572
6.19099998	1.00803506
6.20100021	1.00885034
6.21099997	1.00965047
6.22100019	1.01043475
6.23099995	1.01120222
6.24100018	1.01195228
6.25099993	1.01268399
6.26100016	1.01339662
6.27099991	1.01408947
6.28100014	1.01476181
6.29099989	1.01541293
6.30100012	1.01604223
6.31099987	1.01664889
6.32100010	1.01723254
6.33099985	1.01779246
6.34100008	1.01832819
6.35099983	1.01883912
6.36100006	1.01932478
6.37099981	1.01978481
6.38100004	1.02021861
6.39099979	1.02062595
6.40100002	1.02100646
6.41099977	1.02135980
6.42100000	1.02168572
6.43100023	1.02198386
6.44099998	1.02225399
6.45100021	1.02249610
6.46099997	1.02270997
6.47100019	1.02289534
6.48099995	1.02305233
6.49100018	1.02318084
6.50099993	1.02328086
6.51100016	1.02335238
6.52099991	1.02339554
6.53100014	1.02341032
6.54099989	1.02339709
6.55100012	1.02335572
6.56099987	1.02328658
6.57100010	1.02318990
6.58099985	1.02306604
6.59100008	1.02291512
6.60099983	1.02273750
6.61100006	1.02253366
6.62099981	1.02230394
6.63100004	1.02204871
6.64099979	1.02176857
6.65100002	1.02146387
6.66099977	1.02113509
6.67100000	1.02078295
6.68100023	1.02040780
6.69099998	1.02001035
6.70100021	1.01959121
6.71099997	1.01915109
6.72100019	1.01869035
6.73099995	1.01821005
6.74100018	1.01771057
6.75099993	1.01719284
6.76100016	1.01665747
6.77099991	1.01610518
6.78100014	1.01553690
6.79099989	1.01495326
6.80100012	1.01435506
6.81099987	1.01374316
6.82100010	1.01311827
6.83099985	1.01248133
6.84100008	1.01183307
6.85099983	1.01117444
6.86100006	1.01050627
6.87099981	1.00982928
6.88100004	1.00914431
6.89099979	1.00845242
6.90100002	1.00775433
6.91099977	1.00705087
6.92100000	1.00634301
6.93100023	1.00563145
6.94099998	1.00491714
6.95100021	1.00420094
6.96099997	1.00348365
6.97100019	1.00276613
6.98099995	1.00204921
6.99100018	1.00133359
7.00099993	1.00062037
7.01100016	0.999910176
7.02099991	0.999203801
7.03100014	0.998502076
7.04099989	0.997805834
7.05100012	0.997115731
7.06099987	0.996432543
7.07100010	0.995757103
7.08099985	0.995090008
7.09100008	0.994432092
7.10099983	0.993784010
7.11100006	0.993146420
7.12099981	0.992520034
7.13100004	0.991905451
7.14099979	0.991303325
7.15100002	0.990714312
7.16099977	0.990138948
7.17100000	0.989577830
7.18100023	0.989031553
7.19099998	0.988500655
7.20100021	0.987985611
7.21099997	0.987486959
7.22100019	0.987005174
7.23099995	0.986540735
7.24100018	0.986094058
7.25099993	0.985665560
7.26100016	0.985255599
7.27099991	0.984864652
7.28100014	0.984493017
7.29099989	0.984141052
7.30100012	0.983809054
7.31099987	0.983497262
7.32100010	0.983206034
7.33099985	0.982935488
7.34100008	0.982685983
7.35099983	0.982457697
7.36100006	0.982250750
7.37099981	0.982065260
7.38100004	0.981901467
7.39099979	0.981759429
7.40100002	0.981639206
7.41099977	0.981540859
7.42100000	0.981464446
7.43100023	0.981410027
7.44099998	0.981377542
7.45100021	0.981366932
7.46099997	0.981378257
7.47100019	0.981411338
7.48099995	0.981466055
7.49100018	0.981542408
7.50099993	0.981640160
7.51100016	0.981759191
7.52099991	0.981899321
7.53100014	0.982060254
7.54099989	0.982241869
7.55100012	0.982443869
7.56099987	0.982665956
7.57100010	0.982907832
7.58099985	0.983169258
7.59100008	0.983449817
7.60099983	0.983749211
7.61100006	0.984067023
7.62099981	0.984402835
7.63100004	0.984756291
7.64099979	0.985126913
7.65100002	0.985514224
7.66099977	0.985917807
7.67100000	0.986337185
7.68100023	0.986771762
7.69099998	0.987221122
7.70100021	0.987684608
7.71099997	0.988161683
7.72100019	0.988651872
7.73099995	0.989154458
7.74100018	0.989668906
7.75099993	0.990194619
7.76100016	0.990730882
7.77099991	0.991277099
7.78100014	0.991832614
7.79099989	0.992396712
7.80100012	0.992968798
7.81099987	0.993548095
7.82100010	0.994133949
7.83099985	0.994725585
7.84100008	0.995322406
7.85099983	0.995923579
7.86100006	0.996528447
7.87099981	0.997136176
7.88100004	0.997746110
7.89099979	0.998357475
7.90100002	0.998969555
7.91099977	0.999581516
7.92100000	1.00019264
7.93100023	1.00080228
7.94099998	1.00140953
7.95100021	1.00201368
7.96099997	1.00261402
7.97100019	1.00320971
7.98099995	1.00380015
7.99100018	1.00438464
8.00100040	1.00496221
8.01099968	1.00553238
8.02099991	1.00609422
8.03100014	1.00664723
8.04100037	1.00719070
8.05099964	1.00772381
8.06099987	1.00824594
8.07100010	1.00875652
8.08100033	1.00925493
8.09099960	1.00974035
8.10099983	1.01021230
8.11100006	1.01067030
8.12100029	1.01111364
8.13099957	1.01154172
8.14099979	1.01195419
8.15100002	1.01235032
8.16100025	1.01272976
8.17099953	1.01309204
8.18099976	1.01343668
8.19099998	1.01376331
8.20100021	1.01407146
8.21100044	1.01436090
8.22099972	1.01463103
8.23099995	1.01488185
8.24100018	1.01511276
8.25100040	1.01532376
8.26099968	1.01551449
8.27099991	1.01568472
8.28100014	1.01583421
8.29100037	1.01596308
8.30099964	1.01607096
8.31099987	1.01615787
8.32100010	1.01622367
8.33100033	1.01626837
8.34099960	1.01629198
8.35099983	1.01629448
8.36100006	1.01627600
8.37100029	1.01623654
8.38099957	1.01617634
8.39099979	1.01609540
8.40100002	1.01599395
8.41100025	1.01587224
8.42099953	1.01573050
8.43099976	1.01556885
8.44099998	1.01538765
8.45100021	1.01518726
8.46100044	1.01496792
8.47099972	1.01473010
8.48099995	1.01447403
8.49100018	1.01420021
8.50100040	1.01390910
8.51099968	1.01360118
8.52099991	1.01327682
8.53100014	1.01293647
8.54100037	1.01258087
8.55099964	1.01221025
8.56099987	1.01182544
8.57100010	1.01142681
8.58100033	1.01101506
8.59099960	1.01059079
8.60099983	1.01015449
8.61100006	1.00970685
8.62100029	1.00924861
8.63099957	1.00878036
8.64099979	1.00830269
8.65100002	1.00781631
8.66100025	1.00732183
8.67099953	1.00682008
8.68099976	1.00631166
8.69099998	1.00579727
8.70100021	1.00527763
8.71100044	1.00475347
8.72099972	1.00422537
8.73099995	1.00369418
8.74100018	1.00316048
8.75100040	1.00262499
8.76099968	1.00208855
8.77099991	1.00155175
8.78100014	1.00101519
8.79100037	1.00047970
8.80099964	0.999945998
8.81099987	0.999414623
8.82100010	0.998886347
8.83100033	0.998361766
8.84099960	0.997841597
8.85099983	0.997326434
8.86100006	0.996816874
8.87100029	0.996313632
8.88099957	0.995817304
8.89099979	0.995328426
8.90100002	0.994847596
8.91100025	0.994375408
8.92099953	0.993912399
8.93099976	0.993459105
8.94099998	0.993016064
8.95100021	0.992583811
8.96100044	0.992162824
8.97099972	0.991753519
8.98099995	0.991356432
8.99100018	0.990971982
9.00100040	0.990600526
9.01099968	0.990242600
9.02099991	0.989898443
9.03100014	0.989568532
9.04100037	0.989253163
9.05099964	0.988952637
9.06099987	0.988667309
9.07100010	0.988397479
9.08100033	0.988143325
9.09099960	0.987905204
9.10099983	0.987683237
9.11100006	0.987477720
9.12100029	0.987288713
9.13099957	0.987116516
9.14099979	0.986961186
9.15100002	0.986822844
9.16100025	0.986701667
9.17099953	0.986597598
9.18099976	0.986510813
9.19099998	0.986441314
9.20100021	0.986389041
9.21100044	0.986354053
9.22099972	0.986336350
9.23099995	0.986335874
9.24100018	0.986352503
9.25100040	0.986386120
9.26099968	0.986436725
9.27099991	0.986504138
9.28100014	0.986588180
9.29100037	0.986688733
9.30099964	0.986805558
9.31099987	0.986938477
9.32100010	0.987087309
9.33100033	0.987251699
9.34099960	0.987431467
9.35099983	0.987626314
9.36100006	0.987835884
9.37100029	0.988059998
9.38099957	0.988298178
9.39099979	0.988550186
9.40100002	0.988815606
9.41100025	0.989094079
9.42099953	0.989385188
9.43099976	0.989688516
9.44099998	0.990003705
9.45100021	0.990330219
9.46100044	0.990667701
9.47099972	0.991015613
9.48099995	0.991373599
9.49100018	0.991741061
9.50100040	0.992117524
9.51099968	0.992502511
9.52099991	0.992895484
9.53100014	0.993295968
9.54100037	0.993703425
9.55099964	0.994117260
9.56099987	0.994536936
9.57100010	0.994961917
9.58100033	0.995391667
9.59099960	0.995825648
9.60099983	0.996263206
9.61100006	0.996703863
9.62100029	0.997146964
9.63099957	0.997592032
9.64099979	0.998038411
9.65100002	0.998485506
9.66100025	0.998932838
9.67099953	0.999379814
9.68099976	0.999825776
9.69099998	1.00027025
9.70100021	1.00071263
9.71100044	1.00115228
9.72099972	1.00158882
9.73099995	1.00202155
9.74100018	1.00244999
9.75100040	1.00287354
9.76099968	1.00329185
9.77099991	1.00370407
9.78100014	1.00410998
9.79100037	1.00450897
9.80099964	1.00490057
9.81099987	1.00528431
9.82100010	1.00565970
9.83100033	1.00602627
9.84099960	1.00638354
9.85099983	1.00673127
9.86100006	1.00706875
9.87100029	1.00739586
9.88099957	1.00771201
9.89099979	1.00801694
9.90100002	1.00831032
9.91100025	1.00859177
9.92099953	1.00886095
9.93099976	1.00911760
9.94099998	1.00936139
9.95100021	1.00959218
9.96100044	1.00980949
9.97099972	1.01001334
9.98099995	1.01020348
9.99100018	1.01037967
10.0010004	1.01054168
10.0109997	1.01068950
10.0209999	1.01082289
10.0310001	1.01094174
10.0410004	1.01104617
10.0509996	1.01113582
10.0609999	1.01121092
10.0710001	1.01127124
10.0810003	1.01131678
10.0909996	1.01134777
10.1009998	1.01136398
10.1110001	1.01136565
10.1210003	1.01135278
10.1309996	1.01132548
10.1409998	1.01128387
10.1510000	1.01122808
10.1610003	1.01115823
10.1709995	1.01107442
10.1809998	1.01097703
10.1910000	1.01086617
10.2010002	1.01074207
10.2110004	1.01060486
10.2209997	1.01045489
10.2309999	1.01029253
10.2410002	1.01011777
10.2510004	1.00993121
10.2609997	1.00973308
10.2709999	1.00952351
10.2810001	1.00930309
10.2910004	1.00907207
10.3009996	1.00883079
10.3109999	1.00857973
10.3210001	1.00831914
10.3310003	1.00804937
10.3409996	1.00777102
10.3509998	1.00748432
10.3610001	1.00718975
10.3710003	1.00688779
10.3809996	1.00657880
10.3909998	1.00626326
10.4010000	1.00594151
10.4110003	1.00561416
10.4209995	1.00528157
10.4309998	1.00494421
10.4410000	1.00460255
10.4510002	1.00425696
10.4610004	1.00390804
10.4709997	1.00355613
10.4809999	1.00320172
10.4910002	1.00284529
10.5010004	1.00248730
10.5109997	1.00212824
10.5209999	1.00176847
10.5310001	1.00140858
10.5410004	1.00104892
10.5509996	1.00068986
10.5609999	1.00033200
10.5710001	0.999975681
10.5810003	0.999621391
10.5909996	0.999269485
10.6009998	0.998920441
10.6110001	0.998574615
10.6210003	0.998232424
10.6309996	0.997894347
10.6409998	0.997560620
10.6510000	0.997231781
10.6610003	0.996908069
10.6709995	0.996589959
10.6809998	0.996277690
10.6910000	0.995971680
10.7010002	0.995672226
10.7110004	0.995379686
10.7209997	0.995094359
10.7309999	0.994816542
10.7410002	0.994546473
10.7510004	0.994284511
10.7609997	0.994030833
10.7709999	0.993785799
10.7810001	0.993549526
10.7910004	0.993322372
10.8009996	0.993104458
10.8109999	0.992896080
10.8210001	0.992697358
10.8310003	0.992508471
10.8409996	0.992329597
10.8509998	0.992160916
10.8610001	0.992002547
10.8710003	0.991854608
10.8809996	0.991717279
10.8909998	0.991590619
10.9010000	0.991474688
10.9110003	0.991369545
10.9209995	0.991275370
10.9309998	0.991192102
10.9410000	0.991119862
10.9510002	0.991058588
10.9610004	0.991008401
10.9709997	0.990969181
10.9809999	0.990940988
10.9910002	0.990923822
11.0010004	0.990917563
11.0109997	0.990922213
11.0209999	0.990937710
11.0310001	0.990963995
11.0410004	0.991000950
11.0509996	0.991048455
11.0609999	0.991106451
11.0710001	0.991174817
11.0810003	0.991253436
11.0909996	0.991342127
11.1009998	0.991440713
11.1110001	0.991549075
11.1210003	0.991667032
11.1309996	0.991794407
11.1409998	0.991931021
11.1510000	0.992076576
11.1610003	0.992231011
11.1709995	0.992393970
11.1809998	0.992565334
11.1910000	0.992744744
11.2010002	0.992932081
11.2110004	0.993126988
11.2209997	0.993329227
11.2309999	0.993538618
11.2410002	0.993754745
11.2510004	0.993977368
11.2609997	0.994206309
11.2709999	0.994441092
11.2810001	0.994681537
11.2910004	0.994927347
11.3009996	0.995178103
11.3109999	0.995433629
11.3210001	0.995693505
11.3310003	0.995957375
11.3409996	0.996225059
11.3509998	0.996496081
11.3610001	0.996770203
11.3710003	0.997047007
11.3809996	0.997326195
11.3909998	0.997607470
11.4010000	0.997890472
11.4110003	0.998174787
11.4209995	0.998460174
11.4309998	0.998746216
11.4410000	0.999032557
11.4510002	0.999318957
11.4610004	0.999605000
11.4709997	0.999890387
11.4809999	1.00017476
11.4910002	1.00045776
11.5010004	1.00073910
11.5109997	1.00101840
11.5209999	1.00129545
11.5310001	1.00156975
11.5410004	1.00184119
11.5509996	1.00210929
11.5609999	1.00237381
11.5710001	1.00263441
11.5810003	1.00289083
11.5909996	1.00314283
11.6009998	1.00339007
11.6110001	1.00363219
11.6210003	1.00386906
11.6309996	1.00410032
11.6409998	1.00432587
11.6510000	1.00454521
11.6610003	1.00475836
11.6709995	1.00496495
11.6809998	1.00516474
11.6910000	1.00535750
11.7010002	1.00554311
11.7110004	1.00572145
11.7209997	1.00589216
11.7309999	1.00605512
11.7410002	1.00621021
11.7510004	1.00635719
11.7609997	1.00649595
11.7709999	1.00662649
11.7810001	1.00674844
11.7910004	1.00686193
11.8009996	1.00696671
11.8109999	1.00706267
11.8210001	1.00714982
11.8310003	1.00722802
11.8409996	1.00729728
11.8509998	1.00735760
11.8610001	1.00740874
11.8710003	1.00745082
11.8809996	1.00748384
11.8909998	1.00750780
11.9010000	1.00752270
11.9110003	1.00752842
11.9209995	1.00752509
11.9309998	1.00751281
11.9410000	1.00749159
11.9510002	1.00746155
11.9610004	1.00742269
11.9709997	1.00737500
11.9809999	1.00731874
11.9910002	1.00725389
12.0010004	1.00718069
12.0109997	1.00709927
12.0209999	1.00700963
12.0310001	1.00691187
12.0410004	1.00680637
12.0509996	1.00669312
12.0609999	1.00657237
12.0710001	1.00644422
12.0810003	1.00630891
12.0909996	1.00616658
12.1009998	1.00601745
12.1110001	1.00586176
12.1210003	1.00569975
12.1309996	1.00553155
12.1409998	1.00535750
12.1510000	1.00517774
12.1610003	1.00499249
12.1709995	1.00480199
12.1809998	1.00460660
12.1910000	1.00440657
12.2010002	1.00420201
12.2110004	1.00399327
12.2209997	1.00378060
12.2309999	1.00356436
12.2410002	1.00334466
12.2510004	1.00312185
12.2609997	1.00289631
12.2709999	1.00266814
12.2810001	1.00243771
12.2910004	1.00220525
12.3009996	1.00197113
12.3109999	1.00173557
12.3210001	1.00149882
12.3310003	1.00126135
12.3409996	1.00102317
12.3509998	1.00078475
12.3610001	1.00054622
12.3710003	1.00030804
12.3809996	1.00007033
12.3909998	0.999833524
12.4010000	0.999597788
12.4110003	0.999363363
12.4209995	0.999130547
12.4309998	0.998899698
12.4410000	0.998670936
12.4510002	0.998444557
12.4610004	0.998220921
12.4709997	0.998000145
12.4809999	0.997782528
12.4910002	0.997568250
12.5010004	0.997357666
12.5109997	0.997150898
12.5209999	0.996948242
12.5310001	0.996749878
12.5410004	0.996556044
12.5509996	0.996366918
12.5609999	0.996182740
12.5710001	0.996003628
12.5810003	0.995829821
12.5909996	0.995661497
12.6009998	0.995498836
12.6110001	0.995342016
12.6210003	0.995191157
12.6309996	0.995046496
12.6409998	0.994908035
12.6510000	0.994776011
12.6610003	0.994650543
12.6709995	0.994531751
12.6809998	0.994419694
12.6910000	0.994314551
12.7010002	0.994216442
12.7110004	0.994125366
12.7209997	0.994041443
12.7309999	0.993964732
12.7410002	0.993895352
12.7510004	0.993833244
12.7609997	0.993778646
12.7709999	0.993731380
12.7810001	0.993691623
12.7910004	0.993659377
12.8009996	0.993634641
12.8109999	0.993617415
12.8210001	0.993607640
12.8310003	0.993605435
12.8409996	0.993610680
12.8509998	0.993623376
12.8610001	0.993643463
12.8710003	0.993670940
12.8809996	0.993705750
12.8909998	0.993747830
12.9010000	0.993797064
12.9110003	0.993853450
12.9209995	0.993916869
12.9309998	0.993987203
12.9410000	0.994064450
12.9510002	0.994148374
12.9610004	0.994238913
12.9709997	0.994336009
12.9809999	0.994439483
12.9910002	0.994549155
13.0010004	0.994664967
13.0109997	0.994786680
13.0209999	0.994914234
13.0310001	0.995047450
13.0410004	0.995186090
13.0509996	0.995330036
13.0609999	0.995479107
13.0710001	0.995633125
13.0810003	0.995791912
13.0909996	0.995955229
13.1009998	0.996122897
13.1110001	0.996294737
13.1210003	0.996470511
13.1309996	0.996649981
13.1409998	0.996833026
13.1510000	0.997019351
13.1610003	0.997208714
13.1709995	0.997400939
13.1809998	0.997595787
13.1910000	0.997793019
13.2010002	0.997992396
13.2110004	0.998193681
13.2209997	0.998396635
13.2309999	0.998601019
13.2410002	0.998806596
13.2510004	0.999013126
13.2609997	0.999220312
13.2709999	0.999427974
13.2810001	0.999635875
13.2910004	0.999843717
13.3009996	1.00005126
13.3109999	1.00025833
13.3210001	1.00046456
13.3310003	1.00066984
13.3409996	1.00087392
13.3509998	1.00107646
13.3610001	1.00127721
13.3710003	1.00147605
13.3809996	1.00167274
13.3909998	1.00186694
13.4010000	1.00205851
13.4110003	1.00224721
13.4209995	1.00243282
13.4309998	1.00261509
13.4410000	1.00279391
13.4510002	1.00296891
13.4610004	1.00314009
13.4709997	1.00330710
13.4809999	1.00346971
13.4910002	1.00362790
13.5010004	1.00378144
13.5109997	1.00392997
13.5209999	1.00407362
13.5310001	1.00421202
13.5410004	1.00434506
13.5509996	1.00447261
13.5609999	1.00459456
13.5710001	1.00471067
13.5810003	1.00482082
13.5909996	1.00492513
13.6009998	1.00502312
13.6110001	1.00511491
13.6210003	1.00520039
13.6309996	1.00527942
13.6409998	1.00535190
13.6510000	1.00541782
13.6610003	1.00547695
13.6709995	1.00552952
13.6809998	1.00557530
13.6910000	1.00561416
13.7010002	1.00564623
13.7110004	1.00567150
13.7209997	1.00568986
13.7309999	1.00570118
13.7410002	1.00570571
13.7510004	1.00570345
13.7609997	1.00569415
13.7709999	1.00567818
13.7810001	1.00565529
13.7910004	1.00562561
13.8009996	1.00558925
13.8109999	1.00554633
13.8210001	1.00549674
13.8310003	1.00544059
13.8409996	1.00537813
13.8509998	1.00530922
13.8610001	1.00523412
13.8710003	1.00515282
13.8809996	1.00506556
13.8909998	1.00497246
13.9010000	1.00487339
13.9110003	1.00476885
13.9209995	1.00465882
13.9309998	1.00454330
13.9410000	1.00442266
13.9510002	1.00429690
13.9610004	1.00416636
13.9709997	1.00403106
13.9809999	1.00389123
13.9910002	1.00374699
14.0010004	1.00359869
14.0109997	1.00344634
14.0209999	1.00329018
14.0310001	1.00313056
14.0410004	1.00296748
14.0509996	1.00280118
14.0609999	1.00263190
14.0710001	1.00245988
14.0810003	1.00228536
14.0909996	1.00210857
14.1009998	1.00192952
14.1110001	1.00174868
14.1210003	1.00156617
14.1309996	1.00138223
14.1409998	1.00119710
14.1510000	1.00101089
14.1610003	1.00082397
14.1709995	1.00063658
14.1809998	1.00044882
14.1910000	1.00026107
14.2010002	1.00007331
14.2110004	0.999886036
14.2209997	0.999699354
14.2309999	0.999513447
14.2410002	0.999328613
14.2510004	0.999145031
14.2609997	0.998962998
14.2709999	0.998782575
14.2810001	0.998604059
14.2910004	0.998427689
14.3009996	0.998253644
14.3109999	0.998082161
14.3210001	0.997913361
14.3310003	0.997747421
14.3409996	0.997584701
14.3509998	0.997425199
14.3610001	0.997269213
14.3710003	0.997116864
14.3809996	0.996968389
14.3909998	0.996823907
14.4010000	0.996683538
14.4110003	0.996547580
14.4209995	0.996416032
14.4309998	0.996289134
14.4410000	0.996166945
14.4510002	0.996049702
14.4610004	0.995937467
14.4709997	0.995830357
14.4809999	0.995728552
14.4910002	0.995632112
14.5010004	0.995541155
14.5109997	0.995455742
14.5209999	0.995375991
14.5310001	0.995301962
14.5410004	0.995233774
14.5509996	0.995171487
14.5609999	0.995115161
14.5710001	0.995064795
14.5810003	0.995020509
14.5909996	0.994982302
14.6009998	0.994950175
14.6110001	0.994924247
14.6210003	0.994904459
14.6309996	0.994890869
14.6409998	0.994883418
14.6510000	0.994882166
14.6610003	0.994887054
14.6709995	0.994898140
14.6809998	0.994915307
14.6910000	0.994938552
14.7010002	0.994967878
14.7110004	0.995003164
14.7209997	0.995044410
14.7309999	0.995091498
14.7410002	0.995144427
14.7510004	0.995203137
14.7609997	0.995267451
14.7709999	0.995337367
14.7810001	0.995412767
14.7910004	0.995493531
14.8009996	0.995579541
14.8109999	0.995670736
14.8210001	0.995766938
14.8310003	0.995868087
14.8409996	0.995974004
14.8509998	0.996084571
14.8610001	0.996199608
14.8710003	0.996318996
14.8809996	0.996442616
14.8909998	0.996570289
14.9010000	0.996701837
14.9110003	0.996837139
14.9209995	0.996975958
14.9309998	0.997118175
14.9410000	0.997263551
14.9510002	0.997411966
14.9610004	0.997563243
14.9709997	0.997717142
14.9809999	0.997873485
14.9910002	0.998032093
15.0010004	0.998192728
15.0109997	0.998355269
15.0209999	0.998519480
15.0310001	0.998685122
15.0410004	0.998852074
15.0509996	0.999020040
15.0609999	0.999188840
15.0710001	0.999358296
15.0810003	0.999528170
15.0909996	0.999698281
15.1009998	0.999868393
15.1110001	1.00003839
15.1210003	1.00020790
15.1309996	1.00037682
15.1409998	1.00054491
15.1510000	1.00071192
15.1610003	1.00087786
15.1709995	1.00104225
15.1809998	1.00120509
15.1910000	1.00136614
15.2010002	1.00152516
15.2110004	1.00168192
15.2209997	1.00183630
15.2309999	1.00198817
15.2410002	1.00213718
15.2510004	1.00228333
15.2609997	1.00242639
15.2709999	1.00256610
15.2810001	1.00270236
15.2910004	1.00283504
15.3009996	1.00296390
15.3109999	1.00308895
15.3210001	1.00320983
15.3310003	1.00332654
15.3409996	1.00343895
15.3509998	1.00354683
15.3610001	1.00365007
15.3710003	1.00374866
15.3809996	1.00384247
15.3909998	1.00393128
15.4010000	1.00401509
15.4110003	1.00409377
15.4209995	1.00416720
15.4309998	1.00423539
15.4410000	1.00429821
15.4510002	1.00435567
15.4610004	1.00440753
15.4709997	1.00445390
15.4809999	1.00449467
15.4910002	1.00452983
15.5010004	1.00455928
15.5109997	1.00458312
15.5209999	1.00460124
15.5310001	1.00461376
15.5410004	1.00462043
15.5509996	1.00462151
15.5609999	1.00461686
15.5710001	1.00460660
15.5810003	1.00459063
15.5909996	1.00456905
15.6009998	1.00454199
15.6110001	1.00450945
15.6210003	1.00447130
15.6309996	1.00442791
15.6409998	1.00437915
15.6510000	1.00432515
15.6610003	1.00426590
15.6709995	1.00420165
15.6809998	1.00413239
15.6910000	1.00405824
15.7010002	1.00397933
15.7110004	1.00389564
15.7209997	1.00380754
15.7309999	1.00371492
15.7410002	1.00361800
15.7510004	1.00351703
15.7609997	1.00341189
15.7709999	1.00330293
15.7810001	1.00319016
15.7910004	1.00307381
15.8009996	1.00295401
15.8109999	1.00283098
15.8210001	1.00270474
15.8310003	1.00257564
15.8409996	1.00244367
15.8509998	1.00230908
15.8610001	1.00217211
15.8710003	1.00203288
15.8809996	1.00189149
15.8909998	1.00174832
15.9010000	1.00160325
15.9110003	1.00145674
15.9209995	1.00130880
15.9309998	1.00115979
15.9410000	1.00100970
15.9510002	1.00085890
15.9610004	1.00070739
15.9709997	1.00055552
15.9809999	1.00040340
15.9910002	1.00025117
16.0009995	1.00009918
16.0109997	0.999947429
16.0209999	0.999796212
16.0310001	0.999645710
16.0410004	0.999496043
16.0510006	0.999347448
16.0610008	0.999200046
16.0709991	0.999054074
16.0809994	0.998909652
16.0909996	0.998767018
16.1009998	0.998626232
16.1110001	0.998487592
16.1210003	0.998351157
16.1310005	0.998217165
16.1410007	0.998085678
16.1509991	0.997956872
16.1609993	0.997830987
16.1709995	0.997708082
16.1809998	0.997588277
16.1910000	0.997471750
16.2010002	0.997358680
16.2110004	0.997249067
16.2210007	0.997143149
16.2310009	0.997040987
16.2409992	0.996942639
16.2509995	0.996848345
16.2609997	0.996758103
16.2709999	0.996672094
16.2810001	0.996590316
16.2910004	0.996512890
16.3010006	0.996439934
16.3110008	0.996371448
16.3209991	0.996307552
16.3309994	0.996248305
16.3409996	0.996193767
16.3509998	0.996143937
16.3610001	0.996098936
16.3710003	0.996058762
16.3810005	0.996023476
16.3910007	0.995993078
16.4009991	0.995967567
16.4109993	0.995947003
16.4209995	0.995931447
16.4309998	0.995920777
16.4410000	0.995915055
16.4510002	0.995914280
16.4610004	0.995918453
16.4710007	0.995927513
16.4810009	0.995941460
16.4909992	0.995960295
16.5009995	0.995983899
16.5109997	0.996012270
16.5209999	0.996045411
16.5310001	0.996083200
16.5410004	0.996125579
16.5510006	0.996172547
16.5610008	0.996223986
16.5709991	0.996279836
16.5809994	0.996339977
16.5909996	0.996404409
16.6009998	0.996472955
16.6110001	0.996545613
16.6210003	0.996622205
16.6310005	0.996702671
16.6410007	0.996786833
16.6509991	0.996874690
16.6609993	0.996966064
16.6709995	0.997060895
16.6809998	0.997158945
16.6910000	0.997260153
16.7010002	0.997364461
16.7110004	0.997471571
16.7210007	0.997581542
16.7310009	0.997694075
16.7409992	0.997809052
16.7509995	0.997926414
16.7609997	0.998045981
16.7709999	0.998167515
16.7810001	0.998291016
16.7910004	0.998416185
16.8010006	0.998542964
16.8110008	0.998671174
16.8209991	0.998800635
16.8309994	0.998931170
16.8409996	0.999062657
16.8509998	0.999194980
16.8610001	0.999327898
16.8710003	0.999461234
16.8810005	0.999594927
16.8910007	0.999728739
16.9009991	0.999862492
16.9109993	0.999996126
16.9209995	1.00012934
16.9309998	1.00026214
16.9410000	1.00039423
16.9510002	1.00052547
16.9610004	1.00065577
16.9710007	1.00078487
16.9810009	1.00091279
16.9909992	1.00103915
17.0009995	1.00116408
17.0109997	1.00128710
17.0209999	1.00140834
17.0310001	1.00152755
17.0410004	1.00164461
17.0510006	1.00175941
17.0610008	1.00187171
17.0709991	1.00198150
17.0809994	1.00208867
17.0909996	1.00219297
17.1009998	1.00229430
17.1110001	1.00239265
17.1210003	1.00248778
17.1310005	1.00257981
17.1410007	1.00266838
17.1509991	1.00275350
17.1609993	1.00283504
17.1709995	1.00291300
17.1809998	1.00298715
17.1910000	1.00305760
17.2010002	1.00312412
17.2110004	1.00318670
17.2210007	1.00324523
17.2310009	1.00329983
17.2409992	1.00335014
17.2509995	1.00339639
17.2609997	1.00343835
17.2709999	1.00347602
17.2810001	1.00350952
17.2910004	1.00353861
17.3010006	1.00356340
17.3110008	1.00358379
17.3209991	1.00359976
17.3309994	1.00361145
17.3409996	1.00361872
17.3509998	1.00362158
17.3610001	1.00362015
17.3710003	1.00361431
17.3810005	1.00360405
17.3910007	1.00358963
17.4009991	1.00357080
17.4109993	1.00354779
17.4209995	1.00352061
17.4309998	1.00348926
17.4410000	1.00345373
17.4510002	1.00341427
17.4610004	1.00337076
17.4710007	1.00332320
17.4810009	1.00327194
17.4909992	1.00321686
17.5009995	1.00315797
17.5109997	1.00309563
17.5209999	1.00302958
17.5310001	1.00296021
17.5410004	1.00288737
17.5510006	1.00281131
17.5610008	1.00273216
17.5709991	1.00264990
17.5809994	1.00256467
17.5909996	1.00247669
17.6009998	1.00238597
17.6110001	1.00229263
17.6210003	1.00219679
17.6310005	1.00209856
17.6410007	1.00199819
17.6509991	1.00189555
17.6609993	1.00179112
17.6709995	1.00168478
17.6809998	1.00157666
17.6910000	1.00146699
17.7010002	1.00135601
17.7110004	1.00124359
17.7210007	1.00112998
17.7310009	1.00101542
17.7409992	1.00089991
17.7509995	1.00078368
17.7609997	1.00066686
17.7709999	1.00054955
17.7810001	1.00043190
17.7910004	1.00031412
17.8010006	1.00019622
17.8110008	1.00007856
17.8209991	0.999961019
17.8309994	0.999843836
17.8409996	0.999727190
17.8509998	0.999611199
17.8610001	0.999496043
17.8710003	0.999381721
17.8810005	0.999268472
17.8910007	0.999156415
17.9009991	0.999045670
17.9109993	0.998936415
17.9209995	0.998828650
17.9309998	0.998722613
17.9410000	0.998618364
17.9510002	0.998516023
17.9610004	0.998415709
17.9710007	0.998317599
17.9810009	0.998221695
17.9909992	0.998128176
18.0009995	0.998037159
18.0109997	0.997948647
18.0209999	0.997862875
18.0310001	0.997779846
18.0410004	0.997699618
18.0510006	0.997622371
18.0610008	0.997548103
18.0709991	0.997476935
18.0809994	0.997408986
18.0909996	0.997344255
18.1009998	0.997282803
18.1110001	0.997224748
18.1210003	0.997170150
18.1310005	0.997119009
18.1410007	0.997071385
18.1509991	0.997027397
18.1609993	0.996986985
18.1709995	0.996950269
18.1809998	0.996917248
18.1910000	0.996887922
18.2010002	0.996862352
18.2110004	0.996840596
18.2210007	0.996822596
18.2310009	0.996808410
18.2409992	0.996797979
18.2509995	0.996791363
18.2609997	0.996788621
18.2709999	0.996789634
18.2810001	0.996794403
18.2910004	0.996802986
18.3010006	0.996815324
18.3110008	0.996831357
18.3209991	0.996851087
18.3309994	0.996874511
18.3409996	0.996901572
18.3509998	0.996932268
18.3610001	0.996966481
18.3710003	0.997004151
18.3810005	0.997045338
18.3910007	0.997089863
18.4009991	0.997137725
18.4109993	0.997188926
18.4209995	0.997243285
18.4309998	0.997300744
18.4410000	0.997361302
18.4510002	0.997424841
18.4610004	0.997491241
18.4710007	0.997560501
18.4810009	0.997632444
18.4909992	0.997707069
18.5009995	0.997784197
18.5109997	0.997863829
18.5209999	0.997945786
18.5310001	0.998029947
18.5410004	0.998116314
18.5510006	0.998204708
18.5610008	0.998295009
18.5709991	0.998387158
18.5809994	0.998480976
18.5909996	0.998576462
18.6009998	0.998673379
18.6110001	0.998771667
18.6210003	0.998871207
18.6310005	0.998971879
18.6410007	0.999073565
18.6509991	0.999176145
18.6609993	0.999279439
18.6709995	0.999383390
18.6809998	0.999487877
18.6910000	0.999592721
18.7010002	0.999697864
18.7110004	0.999803185
18.7210007	0.999908447
18.7310009	1.00001371
18.7409992	1.00011861
18.7509995	1.00022316
18.7609997	1.00032735
18.7709999	1.00043082
18.7810001	1.00053370
18.7910004	1.00063562
18.8010006	1.00073671
18.8110008	1.00083661
18.8209991	1.00093532
18.8309994	1.00103283
18.8409996	1.00112879
18.8509998	1.00122333
18.8610001	1.00131619
18.8710003	1.00140727
18.8810005	1.00149655
18.8910007	1.00158381
18.9009991	1.00166905
18.9109993	1.00175214
18.9209995	1.00183296
18.9309998	1.00191152
18.9410000	1.00198758
18.9510002	1.00206113
18.9610004	1.00213218
18.9710007	1.00220048
18.9810009	1.00226605
18.9909992	1.00232875
19.0009995	1.00238860
19.0109997	1.00244546
19.0209999	1.00249934
19.0310001	1.00255013
19.0410004	1.00259769
19.0510006	1.00264215
19.0610008	1.00268340
19.0709991	1.00272143
19.0809994	1.00275600
19.0909996	1.00278735
19.1009998	1.00281525
19.1110001	1.00283980
19.1210003	1.00286090
19.1310005	1.00287855
19.1410007	1.00289273
19.1509991	1.00290334
19.1609993	1.00291061
19.1709995	1.00291431
19.1809998	1.00291467
19.1910000	1.00291145
19.2010002	1.00290477
19.2110004	1.00289464
19.2210007	1.00288117
19.2310009	1.00286424
19.2409992	1.00284398
19.2509995	1.00282025
19.2609997	1.00279331
19.2709999	1.00276303
19.2810001	1.00272965
19.2910004	1.00269294
19.3010006	1.00265312
19.3110008	1.00261033
19.3209991	1.00256443
19.3309994	1.00251555
19.3409996	1.00246382
19.3509998	1.00240922
19.3610001	1.00235188
19.3710003	1.00229192
19.3810005	1.00222921
19.3910007	1.00216413
19.4009991	1.00209653
19.4109993	1.00202656
19.4209995	1.00195432
19.4309998	1.00187993
19.4410000	1.00180340
19.4510002	1.00172484
19.4610004	1.00164449
19.4710007	1.00156224
19.4810009	1.00147843
19.4909992	1.00139296
19.5009995	1.00130594
19.5109997	1.00121760
19.5209999	1.00112796
19.5310001	1.00103724
19.5410004	1.00094533
19.5510006	1.00085258
19.5610008	1.00075889
19.5709991	1.00066459
19.5809994	1.00056970
19.5909996	1.00047421
19.6009998	1.00037849
19.6110001	1.00028241
19.6210003	1.00018620
19.6310005	1.00008988
19.6410007	0.999993742
19.6509991	0.999897778
19.6609993	0.999802113
19.6709995	0.999706864
19.6809998	0.999612153
19.6910000	0.999518037
19.7010002	0.999424756
19.7110004	0.999332309
19.7210007	0.999240816
19.7310009	0.999150395
19.7409992	0.999061167
19.7509995	0.998973250
19.7609997	0.998886704
19.7709999	0.998801589
19.7810001	0.998718143
19.7910004	0.998636305
19.8010006	0.998556316
19.8110008	0.998478115
19.8209991	0.998401880
19.8309994	0.998327732
19.8409996	0.998255670
19.8509998	0.998185813
19.8610001	0.998118222
19.8710003	0.998053014
19.8810005	0.997990251
19.8910007	0.997929931
19.9009991	0.997872233
19.9109993	0.997817159
19.9209995	0.997764766
19.9309998	0.997715116
19.9410000	0.997668266
19.9510002	0.997624278
19.9610004	0.997583151
19.9710007	0.997545004
19.9810009	0.997509837
19.9909992	0.997477651
20.0009995	0.997448564
20.0109997	0.997422516
20.0209999	0.997399628
20.0310001	0.997379839
20.0410004	0.997363150
20.0510006	0.997349679
20.0610008	0.997339368
20.0709991	0.997332215
20.0809994	0.997328222
20.0909996	0.997327447
20.1009998	0.997329831
20.1110001	0.997335434
20.1210003	0.997344136
20.1310005	0.997355998
20.1410007	0.997370958
20.1509991	0.997389078
20.1609993	0.997410238
20.1709995	0.997434437
20.1809998	0.997461617
20.1910000	0.997491777
20.2010002	0.997524917
20.2110004	0.997560918
20.2210007	0.997599781
20.2310009	0.997641444
20.2409992	0.997685790
20.2509995	0.997732878
20.2609997	0.997782588
20.2709999	0.997834802
20.2810001	0.997889578
20.2910004	0.997946739
20.3010006	0.998006284
20.3110008	0.998068094
20.3209991	0.998132110
20.3309994	0.998198271
20.3409996	0.998266459
20.3509998	0.998336613
20.3610001	0.998408616
20.3710003	0.998482406
20.3810005	0.998557925
20.3910007	0.998635054
20.4009991	0.998713672
20.4109993	0.998793721
20.4209995	0.998875082
20.4309998	0.998957634
20.4410000	0.999041378
20.4510002	0.999126077
20.4610004	0.999211669
20.4710007	0.999298155
20.4810009	0.999385297
20.4909992	0.999473035
20.5009995	0.999561310
20.5109997	0.999649942
20.5209999	0.999738872
20.5310001	0.999827981
20.5410004	0.999917150
20.5510006	1.00000632
20.5610008	1.00009525
20.5709991	1.00018406
20.5809994	1.00027239
20.5909996	1.00036037
20.6009998	1.00044775
20.6110001	1.00053442
20.6210003	1.00062037
20.6310005	1.00070548
20.6410007	1.00078952
20.6509991	1.00087249
20.6609993	1.00095439
20.6709995	1.00103498
20.6809998	1.00111413
20.6910000	1.00119185
20.7010002	1.00126803
20.7110004	1.00134265
20.7210007	1.00141537
20.7310009	1.00148642
20.7409992	1.00155556
20.7509995	1.00162268
20.7609997	1.00168777
20.7709999	1.00175071
20.7810001	1.00181150
20.7910004	1.00186992
20.8010006	1.00192606
20.8110008	1.00197983
20.8209991	1.00203109
20.8309994	1.00207984
20.8409996	1.00212598
20.8509998	1.00216949
20.8610001	1.00221026
20.8710003	1.00224841
20.8810005	1.00228381
20.8910007	1.00231636
20.9009991	1.00234604
20.9109993	1.00237286
20.9209995	1.00239670
20.9309998	1.00241768
20.9410000	1.00243580
20.9510002	1.00245082
20.9610004	1.00246298
20.9710007	1.00247204
20.9810009	1.00247812
20.9909992	1.00248122
21.0009995	1.00248134
21.0109997	1.00247848
21.0209999	1.00247264
21.0310001	1.00246382
21.0410004	1.00245202
21.0510006	1.00243723
21.0610008	1.00241959
21.0709991	1.00239909
21.0809994	1.00237572
21.0909996	1.00234950
21.1009998	1.00232041
21.1110001	1.00228870
21.1210003	1.00225425
21.1310005	1.00221705
21.1410007	1.00217736
21.1509991	1.00213504
21.1609993	1.00209033
21.1709995	1.00204301
21.1809998	1.00199342
21.1910000	1.00194144
21.2010002	1.00188732
21.2110004	1.00183094
21.2210007	1.00177240
21.2310009	1.00171196
21.2409992	1.00164950
21.2509995	1.00158513
21.2609997	1.00151896
21.2709999	1.00145113
21.2810001	1.00138164
21.2910004	1.00131059
21.3010006	1.00123811
21.3110008	1.00116432
21.3209991	1.00108922
21.3309994	1.00101292
21.3409996	1.00093555
21.3509998	1.00085711
21.3610001	1.00077796
21.3710003	1.00069785
21.3810005	1.00061715
21.3910007	1.00053585
21.4009991	1.00045395
21.4109993	1.00037181
21.4209995	1.00028932
21.4309998	1.00020659
21.4410000	1.00012374
21.4510002	1.00004089
21.4610004	0.999958217
21.4710007	0.999875724
21.4810009	0.999793530
21.4909992	0.999711752
21.5009995	0.999630451
21.5109997	0.999549747
21.5209999	0.999469757
21.5310001	0.999390483
21.5410004	0.999312162
21.5510006	0.999234796
21.5610008	0.999158502
21.5709991	0.999083340
21.5809994	0.999009430
21.5909996	0.998936832
21.6009998	0.998865664
21.6110001	0.998795986
21.6210003	0.998727918
21.6310005	0.998661458
21.6410007	0.998596787
21.6509991	0.998533845
21.6609993	0.998472869
21.6709995	0.998413801
21.6809998	0.998356700
21.6910000	0.998301744
21.7010002	0.998248935
21.7110004	0.998198271
21.7210007	0.998149931
21.7310009	0.998103857
21.7409992	0.998060167
21.7509995	0.998018861
21.7609997	0.997980058
21.7709999	0.997943699
21.7810001	0.997909904
21.7910004	0.997878671
21.8010006	0.997850060
21.8110008	0.997824073
21.8209991	0.997800767
21.8309994	0.997780144
21.8409996	0.997762203
21.8509998	0.997746944
21.8610001	0.997734487
21.8710003	0.997724771
21.8810005	0.997717738
21.8910007	0.997713506
21.9009991	0.997712076
21.9109993	0.997713327
21.9209995	0.997717321
21.9309998	0.997724056
21.9410000	0.997733533
21.9510002	0.997745693
21.9610004	0.997760594
21.9710007	0.997778118
21.9810009	0.997798264
21.9909992	0.997821033
22.0009995	0.997846365
22.0109997	0.997874260
22.0209999	0.997904599
22.0310001	0.997937441
22.0410004	0.997972727
22.0510006	0.998010397
22.0610008	0.998050332
22.0709991	0.998092592
22.0809994	0.998136997
22.0909996	0.998183608
22.1009998	0.998232365
22.1110001	0.998283088
22.1210003	0.998335779
22.1310005	0.998390436
22.1410007	0.998446882
22.1509991	0.998505116
22.1609993	0.998565018
22.1709995	0.998626590
22.1809998	0.998689651
22.1910000	0.998754203
22.2010002	0.998820186
22.2110004	0.998887420
22.2210007	0.998955846
22.2310009	0.999025404
22.2409992	0.999096096
22.2509995	0.999167681
22.2609997	0.999240160
22.2709999	0.999313414
22.2810001	0.999387383
22.2910004	0.999461949
22.3010006	0.999536991
22.3110008	0.999612510
22.3209991	0.999688327
22.3309994	0.999764383
22.3409996	0.999840617
22.3509998	0.999916911
22.3610001	0.999993145
22.3710003	1.00006926
22.3810005	1.00014520
22.3910007	1.00022078
22.4009991	1.00029600
22.4109993	1.00037062
22.4209995	1.00044477
22.4309998	1.00051820
22.4410000	1.00059092
22.4510002	1.00066268
22.4610004	1.00073361
22.4710007	1.00080359
22.4810009	1.00087237
22.4909992	1.00093997
22.5009995	1.00100636
22.5109997	1.00107145
22.5209999	1.00113511
22.5310001	1.00119722
22.5410004	1.00125790
22.5510006	1.00131679
22.5610008	1.00137413
22.5709991	1.00142956
22.5809994	1.00148332
22.5909996	1.00153506
22.6009998	1.00158501
22.6110001	1.00163281
22.6210003	1.00167859
22.6310005	1.00172234
22.6410007	1.00176382
22.6509991	1.00180316
22.6609993	1.00184023
22.6709995	1.00187504
22.6809998	1.00190747
22.6910000	1.00193763
22.7010002	1.00196528
22.7110004	1.00199056
22.7210007	1.00201344
22.7310009	1.00203383
22.7409992	1.00205171
22.7509995	1.00206709
22.7609997	1.00207996
22.7709999	1.00209022
22.7810001	1.00209796
22.7910004	1.00210321
22.8010006	1.00210595
22.8110008	1.00210607
22.8209991	1.00210369
22.8309994	1.00209880
22.8409996	1.00209141
22.8509998	1.00208139
22.8610001	1.00206900
22.8710003	1.00205410
22.8810005	1.00203681
22.8910007	1.00201702
22.9009991	1.00199485
22.9109993	1.00197041
22.9209995	1.00194359
22.9309998	1.00191450
22.9410000	1.00188315
22.9510002	1.00184953
22.9610004	1.00181389
22.9710007	1.00177598
22.9810009	1.00173616
22.9909992	1.00169420
23.0009995	1.00165045
23.0109997	1.00160468
23.0209999	1.00155711
23.0310001	1.00150776
23.0410004	1.00145662
23.0510006	1.00140393
23.0610008	1.00134969
23.0709991	1.00129390
23.0809994	1.00123668
23.0909996	1.00117803
23.1009998	1.00111818
23.1110001	1.00105703
23.1210003	1.00099480
23.1310005	1.00093138
23.1410007	1.00086713
23.1509991	1.00080192
23.1609993	1.00073588
23.1709995	1.00066900
23.1809998	1.00060165
23.1910000	1.00053358
23.2010002	1.00046504
23.2110004	1.00039601
23.2210007	1.00032675
23.2310009	1.00025725
23.2409992	1.00018752
23.2509995	1.00011778
23.2609997	1.00004792
23.2709999	0.999978304
23.2810001	0.999908745
23.2910004	0.999839485
23.3010006	0.999770582
23.3110008	0.999702036
23.3209991	0.999634027
23.3309994	0.999566615
23.3409996	0.999499798
23.3509998	0.999433756
23.3610001	0.999368548
23.3710003	0.999304175
23.3810005	0.999240816
23.3910007	0.999178469
23.4009991	0.999117196
23.4109993	0.999057174
23.4209995	0.998998344
23.4309998	0.998940885
23.4410000	0.998884737
23.4510002	0.998830080
23.4610004	0.998776913
23.4710007	0.998725355
23.4810009	0.998675346
23.4909992	0.998627067
23.5009995	0.998580515
23.5109997	0.998535752
23.5209999	0.998492837
23.5310001	0.998451769
23.5410004	0.998412669
23.5510006	0.998375535
23.5610008	0.998340428
23.5709991	0.998307288
23.5809994	0.998276293
23.5909996	0.998247385
23.6009998	0.998220682
23.6110001	0.998196065
23.6210003	0.998173714
23.6310005	0.998153567
23.6410007	0.998135626
23.6509991	0.998119950
23.6609993	0.998106539
23.6709995	0.998095453
23.6809998	0.998086631
23.6910000	0.998080075
23.7010002	0.998075843
23.7110004	0.998073876
23.7210007	0.998074234
23.7310009	0.998076916
23.7409992	0.998081803
23.7509995	0.998089015
23.7609997	0.998098493
23.7709999	0.998110175
23.7810001	0.998124123
23.7910004	0.998140275
23.8010006	0.998158574
23.8110008	0.998179018
23.8209991	0.998201609
23.8309994	0.998226345
23.8409996	0.998253107
23.8509998	0.998281837
23.8610001	0.998312652
23.8710003	0.998345375
23.8810005	0.998380005
23.8910007	0.998416483
23.9009991	0.998454750
23.9109993	0.998494864
23.9209995	0.998536646
23.9309998	0.998580098
23.9410000	0.998625159
23.9510002	0.998671770
23.9610004	0.998719871
23.9710007	0.998769403
23.9810009	0.998820305
23.9909992	0.998872578
24.0009995	0.998926044
24.0109997	0.998980701
24.0209999	0.999036431
24.0310001	0.999093294
24.0410004	0.999151051
24.0510006	0.999209762
24.0610008	0.999269307
24.0709991	0.999329567
24.0809994	0.999390602
24.0909996	0.999452174
24.1009998	0.999514341
24.1110001	0.999576926
24.1210003	0.999639928
24.1310005	0.999703288
24.1410007	0.999766827
24.1509991	0.999830544
24.1609993	0.999894381
24.1709995	0.999958217
24.1809998	1.00002193
24.1910000	1.00008559
24.2010002	1.00014901
24.2110004	1.00021219
24.2210007	1.00027490
24.2310009	1.00033724
24.2409992	1.00039911
24.2509995	1.00046039
24.2609997	1.00052094
24.2709999	1.00058079
24.2810001	1.00063992
24.2910004	1.00069809
24.3010006	1.00075531
24.3110008	1.00081158
24.3209991	1.00086677
24.3309994	1.00092089
24.3409996	1.00097382
24.3509998	1.00102544
24.3610001	1.00107574
24.3710003	1.00112474
24.3810005	1.00117230
24.3910007	1.00121832
24.4009991	1.00126290
24.4109993	1.00130582
24.4209995	1.00134718
24.4309998	1.00138676
24.4410000	1.00142467
24.4510002	1.00146091
24.4610004	1.00149524
24.4710007	1.00152779
24.4810009	1.00155842
24.4909992	1.00158715
24.5009995	1.00161397
24.5109997	1.00163877
24.5209999	1.00166166
24.5310001	1.00168240
24.5410004	1.00170124
24.5510006	1.00171793
24.5610008	1.00173259
24.5709991	1.00174510
24.5809994	1.00175560
24.5909996	1.00176394
24.6009998	1.00177014
24.6110001	1.00177431
24.6210003	1.00177622
24.6310005	1.00177610
24.6410007	1.00177395
24.6509991	1.00176954
24.6609993	1.00176311
24.6709995	1.00175452
24.6809998	1.00174391
24.6910000	1.00173128
24.7010002	1.00171661
24.7110004	1.00169992
24.7210007	1.00168121
24.7310009	1.00166047
24.7409992	1.00163782
24.7509995	1.00161326
24.7609997	1.00158691
24.7709999	1.00155866
24.7810001	1.00152862
24.7910004	1.00149679
24.8010006	1.00146317
24.8110008	1.00142801
24.8209991	1.00139105
24.8309994	1.00135267
24.8409996	1.00131261
24.8509998	1.00127113
24.8610001	1.00122821
24.8710003	1.00118387
24.8810005	1.00113821
24.8910007	1.00109136
24.9009991	1.00104320
24.9109993	1.00099385
24.9209995	1.00094342
24.9309998	1.00089204
24.9410000	1.00083971
24.9510002	1.00078630
24.9610004	1.00073218
24.9710007	1.00067723
24.9810009	1.00062168
24.9909992	1.00056541
25.0009995	1.00050855
25.0109997	1.00045121
25.0209999	1.00039339
25.0310001	1.00033522
25.0410004	1.00027668
25.0510006	1.00021803
25.0610008	1.00015914
25.0709991	1.00010026
25.0809994	1.00004125
25.0909996	0.999982417
25.1009998	0.999923587
25.1110001	0.999864995
25.1210003	0.999806643
25.1310005	0.999748647
25.1410007	0.999691069
25.1509991	0.999633908
25.1609993	0.999577284
25.1709995	0.999521255
25.1809998	0.999465883
25.1910000	0.999411285
25.2010002	0.999357402
25.2110004	0.999304414
25.2210007	0.999252319
25.2310009	0.999201238
25.2409992	0.999151111
25.2509995	0.999102116
25.2609997	0.999054253
25.2709999	0.999007642
25.2810001	0.998962224
25.2910004	0.998918116
25.3010006	0.998875380
25.3110008	0.998834074
25.3209991	0.998794138
25.3309994	0.998755753
25.3409996	0.998718858
25.3509998	0.998683572
25.3610001	0.998649895
25.3710003	0.998617887
25.3810005	0.998587549
25.3910007	0.998558939
25.4009991	0.998532057
25.4109993	0.998507023
25.4209995	0.998483717
25.4309998	0.998462260
25.4410000	0.998442709
25.4510002	0.998424947
25.4610004	0.998409152
25.4710007	0.998395264
25.4810009	0.998383224
25.4909992	0.998373210
25.5009995	0.998365045
25.5109997	0.998358905
25.5209999	0.998354673
25.5310001	0.998352408
25.5410004	0.998352110
25.5510006	0.998353779
25.5610008	0.998357356
25.5709991	0.998362899
25.5809994	0.998370349
25.5909996	0.998379767
25.6009998	0.998391032
25.6110001	0.998404205
25.6210003	0.998419285
25.6310005	0.998436153
25.6410007	0.998454869
25.6509991	0.998475432
25.6609993	0.998497725
25.6709995	0.998521805
25.6809998	0.998547614
25.6910000	0.998575032
25.7010002	0.998604178
25.7110004	0.998634875
25.7210007	0.998667181
25.7310009	0.998701036
25.7409992	0.998736382
25.7509995	0.998773158
25.7609997	0.998811305
25.7709999	0.998850882
25.7810001	0.998891711
25.7910004	0.998933852
25.8010006	0.998977125
25.8110008	0.999021649
25.8209991	0.999067187
25.8309994	0.999113798
25.8409996	0.999161422
25.8509998	0.999209940
25.8610001	0.999259353
25.8710003	0.999309599
25.8810005	0.999360561
25.8910007	0.999412239
25.9009991	0.999464512
25.9109993	0.999517381
25.9209995	0.999570727
25.9309998	0.999624550
25.9410000	0.999678731
25.9510002	0.999733210
25.9610004	0.999787986
25.9710007	0.999842882
25.9810009	0.999897897
25.9909992	0.999952972
26.0009995	1.00000811
26.0109997	1.00006306
26.0209999	1.00011790
26.0310001	1.00017250
26.0410004	1.00022686
26.0510006	1.00028086
26.0610008	1.00033438
26.0709991	1.00038755
26.0809994	1.00044012
26.0909996	1.00049222
26.1009998	1.00054359
26.1110001	1.00059414
26.1210003	1.00064409
26.1310005	1.00069308
26.1410007	1.00074124
26.1509991	1.00078845
26.1609993	1.00083458
26.1709995	1.00087976
26.1809998	1.00092387
26.1910000	1.00096667
26.2010002	1.00100839
26.2110004	1.00104880
26.2210007	1.00108790
26.2310009	1.00112569
26.2409992	1.00116205
26.2509995	1.00119698
26.2609997	1.00123048
26.2709999	1.00126243
26.2810001	1.00129282
26.2910004	1.00132167
26.3010006	1.00134885
26.3110008	1.00137436
26.3209991	1.00139832
26.3309994	1.00142050
26.3409996	1.00144088
26.3509998	1.00145972
26.3610001	1.00147665
26.3710003	1.00149179
26.3810005	1.00150514
26.3910007	1.00151670
26.4009991	1.00152636
26.4109993	1.00153434
26.4209995	1.00154030
26.4309998	1.00154459
26.4410000	1.00154686
26.4510002	1.00154734
26.4610004	1.00154603
26.4710007	1.00154281
26.4810009	1.00153780
26.4909992	1.00153089
26.5009995	1.00152218
26.5109997	1.00151169
26.5209999	1.00149941
26.5310001	1.00148535
26.5410004	1.00146949
26.5510006	1.00145197
26.5610008	1.00143278
26.5709991	1.00141180
26.5809994	1.00138915
26.5909996	1.00136495
26.6009998	1.00133908
26.6110001	1.00131166
26.6210003	1.00128269
26.6310005	1.00125229
26.6410007	1.00122046
26.6509991	1.00118709
26.6609993	1.00115240
26.6709995	1.00111639
26.6809998	1.00107920
26.6910000	1.00104058
26.7010002	1.00100088
26.7110004	1.00096011
26.7210007	1.00091815
26.7310009	1.00087512
26.7409992	1.00083113
26.7509995	1.00078619
26.7609997	1.00074041
26.7709999	1.00069380
26.7810001	1.00064647
26.7910004	1.00059843
26.8010006	1.00054967
26.8110008	1.00050032
26.8209991	1.00045049
26.8309994	1.00040019
26.8409996	1.00034940
26.8509998	1.00029838
26.8610001	1.00024700
26.8710003	1.00019538
26.8810005	1.00014365
26.8910007	1.00009191
26.9009991	1.00003994
26.9109993	0.999988139
26.9209995	0.999936342
26.9309998	0.999884725
26.9410000	0.999833286
26.9510002	0.999782145
26.9610004	0.999731362
26.9710007	0.999680936
26.9810009	0.999630988
26.9909992	0.999581516
27.0009995	0.999532640
27.0109997	0.999484360
27.0209999	0.999436796
27.0310001	0.999389946
27.0410004	0.999343872
27.0510006	0.999298692
27.0610008	0.999254346
27.0709991	0.999211013
27.0809994	0.999168634
27.0909996	0.999127388
27.1009998	0.999087155
27.1110001	0.999048114
27.1210003	0.999010265
27.1310005	0.998973608
27.1410007	0.998938262
27.1509991	0.998904228
27.1609993	0.998871505
27.1709995	0.998840213
27.1809998	0.998810351
27.1910000	0.998781979
27.2010002	0.998755038
27.2110004	0.998729646
27.2210007	0.998705804
27.2310009	0.998683572
27.2409992	0.998662889
27.2509995	0.998643875
27.2609997	0.998626471
27.2709999	0.998610735
27.2810001	0.998596728
27.2910004	0.998584330
27.3010006	0.998573720
27.3110008	0.998564780
27.3209991	0.998557568
27.3309994	0.998552084
27.3409996	0.998548388
27.3509998	0.998546362
27.3610001	0.998546124
27.3710003	0.998547614
27.3810005	0.998550832
27.3910007	0.998555779
27.4009991	0.998562455
27.4109993	0.998570800
27.4209995	0.998580873
27.4309998	0.998592615
27.4410000	0.998606026
27.4510002	0.998621106
27.4610004	0.998637795
27.4710007	0.998656094
27.4810009	0.998675942
27.4909992	0.998697400
27.5009995	0.998720348
27.5109997	0.998744845
27.5209999	0.998770773
27.5310001	0.998798132
27.5410004	0.998826921
27.5510006	0.998857021
27.5610008	0.998888493
27.5709991	0.998921275
27.5809994	0.998955250
27.5909996	0.998990476
27.6009998	0.999026835
27.6110001	0.999064326
27.6210003	0.999102890
27.6310005	0.999142468
27.6410007	0.999182999
27.6509991	0.999224484
27.6609993	0.999266863
27.6709995	0.999310017
27.6809998	0.999353945
27.6910000	0.999398649
27.7010002	0.999443948
27.7110004	0.999489903
27.7210007	0.999536395
27.7310009	0.999583364
27.7409992	0.999630809
27.7509995	0.999678612
27.7609997	0.999726713
27.7709999	0.999775112
27.7810001	0.999823689
27.7910004	0.999872446
27.8010006	0.999921322
27.8110008	0.999970198
27.8209991	1.00001895
27.8309994	1.00006771
27.8409996	1.00011635
27.8509998	1.00016475
27.8610001	1.00021291
27.8710003	1.00026083
27.8810005	1.00030828
27.8910007	1.00035524
27.9009991	1.00040174
27.9109993	1.00044775
27.9209995	1.00049317
27.9309998	1.00053787
27.9410000	1.00058198
27.9510002	1.00062525
27.9610004	1.00066769
27.9710007	1.00070930
27.9810009	1.00075006
27.9909992	1.00078988
28.0009995	1.00082862
28.0109997	1.00086629
28.0209999	1.00090289
28.0310001	1.00093842
28.0410004	1.00097275
28.0510006	1.00100589
28.0610008	1.00103772
28.0709991	1.00106823
28.0809994	1.00109744
28.0909996	1.00112534
28.1009998	1.00115180
28.1110001	1.00117695
28.1210003	1.00120056
28.1310005	1.00122273
28.1410007	1.00124335
28.1509991	1.00126243
28.1609993	1.00128007
28.1709995	1.00129604
28.1809998	1.00131059
28.1910000	1.00132334
28.2010002	1.00133467
28.2110004	1.00134420
28.2210007	1.00135219
28.2310009	1.00135863
28.2409992	1.00136328
28.2509995	1.00136638
28.2609997	1.00136781
28.2709999	1.00136757
28.2810001	1.00136578
28.2910004	1.00136220
28.3010006	1.00135708
28.3110008	1.00135040
28.3209991	1.00134206
28.3309994	1.00133204
28.3409996	1.00132048
28.3509998	1.00130737
28.3610001	1.00129271
28.3710003	1.00127649
28.3810005	1.00125885
28.3910007	1.00123966
28.4009991	1.00121891
28.4109993	1.00119686
28.4209995	1.00117338
28.4309998	1.00114846
28.4410000	1.00112224
28.4510002	1.00109470
28.4610004	1.00106597
28.4710007	1.00103593
28.4810009	1.00100470
28.4909992	1.00097227
28.5009995	1.00093877
28.5109997	1.00090420
28.5209999	1.00086856
28.5310001	1.00083196
28.5410004	1.00079441
28.5510006	1.00075603
28.5610008	1.00071669
28.5709991	1.00067663
28.5809994	1.00063574
28.5909996	1.00059414
28.6009998	1.00055206
28.6110001	1.00050926
28.6210003	1.00046587
28.6310005	1.00042200
28.6410007	1.00037777
28.6509991	1.00033307
28.6609993	1.00028813
28.6709995	1.00024283
28.6809998	1.00019741
28.6910000	1.00015175
28.7010002	1.00010598
28.7110004	1.00006008
28.7210007	1.00001431
28.7310009	0.999968529
28.7409992	0.999922872
28.7509995	0.999877334
28.7609997	0.999832034
28.7709999	0.999787033
28.7810001	0.999742389
28.7910004	0.999698043
28.8010006	0.999654174
28.8110008	0.999610782
28.8209991	0.999567926
28.8309994	0.999525607
28.8409996	0.999483943
28.8509998	0.999442995
28.8610001	0.999402761
28.8710003	0.999363303
28.8810005	0.999324620
28.8910007	0.999286890
28.9009991	0.999249995
28.9109993	0.999214113
28.9209995	0.999179184
28.9309998	0.999145269
28.9410000	0.999112487
28.9510002	0.999080777
28.9610004	0.999050260
28.9710007	0.999020875
28.9810009	0.998992741
28.9909992	0.998965859
29.0009995	0.998940229
29.0109997	0.998915911
29.0209999	0.998892903
29.0310001	0.998871267
29.0410004	0.998851001
29.0510006	0.998832166
29.0610008	0.998814762
29.0709991	0.998798788
29.0809994	0.998784244
29.0909996	0.998771191
29.1009998	0.998759627
29.1110001	0.998749614
29.1210003	0.998741031
29.1310005	0.998733997
29.1410007	0.998728514
29.1509991	0.998724520
29.1609993	0.998722076
29.1709995	0.998721123
29.1809998	0.998721719
29.1910000	0.998723865
29.2010002	0.998727500
29.2110004	0.998732686
29.2210007	0.998739302
29.2310009	0.998747468
29.2409992	0.998757124
29.2509995	0.998768210
29.2609997	0.998780787
29.2709999	0.998794794
29.2810001	0.998810232
29.2910004	0.998827040
29.3010006	0.998845220
29.3110008	0.998864770
29.3209991	0.998885632
29.3309994	0.998907804
29.3409996	0.998931289
29.3509998	0.998955965
29.3610001	0.998981833
29.3710003	0.999008894
29.3810005	0.999037147
29.3910007	0.999066412
29.4009991	0.999096811
29.4109993	0.999128282
29.4209995	0.999160707
29.4309998	0.999194026
29.4410000	0.999228358
29.4510002	0.999263525
29.4610004	0.999299467
29.4710007	0.999336243
29.4810009	0.999373794
29.4909992	0.999412000
29.5009995	0.999450803
29.5109997	0.999490261
29.5209999	0.999530256
29.5310001	0.999570787
29.5410004	0.999611735
29.5510006	0.999653101
29.5610008	0.999694824
29.5709991	0.999736845
29.5809994	0.999779105
29.5909996	0.999821603
29.6009998	0.999864221
29.6110001	0.999906957
29.6210003	0.999949753
29.6310005	0.999992490
29.6410007	1.00003529
29.6509991	1.00007784
29.6609993	1.00012028
29.6709995	1.00016260
29.6809998	1.00020456
29.6910000	1.00024629
29.7010002	1.00028765
29.7110004	1.00032866
29.7210007	1.00036907
29.7310009	1.00040913
29.7409992	1.00044858
29.7509995	1.00048745
29.7609997	1.00052559
29.7709999	1.00056314
29.7810001	1.00059998
29.7910004	1.00063598
29.8010006	1.00067127
29.8110008	1.00070560
29.8209991	1.00073910
29.8309994	1.00077164
29.8409996	1.00080323
29.8509998	1.00083387
29.8610001	1.00086331
29.8710003	1.00089180
29.8810005	1.00091922
29.8910007	1.00094545
29.9009991	1.00097048
29.9109993	1.00099432
29.9209995	1.00101697
29.9309998	1.00103831
29.9410000	1.00105846
29.9510002	1.00107729
29.9610004	1.00109482
29.9710007	1.00111103
29.9810009	1.00112581
29.9909992	1.00113928
30.0009995	1.00115144
30.0109997	1.00116205
30.0209999	1.00117135
30.0310001	1.00117922
30.0410004	1.00118566
30.0510006	1.00119078
30.0610008	1.00119436
30.0709991	1.00119650
30.0809994	1.00119722
30.0909996	1.00119662
30.1009998	1.00119448
30.1110001	1.00119090
30.1210003	1.00118601
30.1310005	1.00117958
30.1410007	1.00117183
30.1509991	1.00116265
30.1609993	1.00115216
30.1709995	1.00114024
30.1809998	1.00112712
30.1910000	1.00111246
30.2010002	1.00109673
30.2110004	1.00107956
30.2210007	1.00106108
30.2310009	1.00104153
30.2409992	1.00102067
30.2509995	1.00099862
30.2609997	1.00097537
30.2709999	1.00095105
30.2810001	1.00092566
30.2910004	1.00089920
30.3010006	1.00087166
30.3110008	1.00084317
30.3209991	1.00081372
30.3309994	1.00078332
30.3409996	1.00075197
30.3509998	1.00071979
30.3610001	1.00068688
30.3710003	1.00065315
30.3810005	1.00061870
30.3910007	1.00058365
30.4009991	1.00054777
30.4109993	1.00051141
30.4209995	1.00047457
30.4309998	1.00043702
30.4410000	1.00039923
30.4510002	1.00036085
30.4610004	1.00032210
30.4710007	1.00028312
30.4810009	1.00024390
30.4909992	1.00020432
30.5009995	1.00016463
30.5109997	1.00012469
30.5209999	1.00008476
30.5310001	1.00004482
30.5410004	1.00000489
30.5510006	0.999964952
30.5610008	0.999925077
30.5709991	0.999885440
30.5809994	0.999845982
30.5909996	0.999806702
30.6009998	0.999767780
30.6110001	0.999729156
30.6210003	0.999690890
30.6310005	0.999653101
30.6410007	0.999615729
30.6509991	0.999578893
30.6609993	0.999542654
30.6709995	0.999506950
30.6809998	0.999471903
30.6910000	0.999437511
30.7010002	0.999403894
30.7110004	0.999370992
30.7210007	0.999338865
30.7310009	0.999307632
30.7409992	0.999277234
30.7509995	0.999247730
30.7609997	0.999219120
30.7709999	0.999191523
30.7810001	0.999164939
30.7910004	0.999139369
30.8010006	0.999114871
30.8110008	0.999091446
30.8209991	0.999069154
30.8309994	0.999047935
30.8409996	0.999027908
30.8509998	0.999009073
30.8610001	0.998991489
30.8710003	0.998975039
30.8810005	0.998959899
30.8910007	0.998945951
30.9009991	0.998933315
30.9109993	0.998921931
30.9209995	0.998911858
30.9309998	0.998903096
30.9410000	0.998895645
30.9510002	0.998889506
30.9610004	0.998884737
30.9710007	0.998881221
30.9810009	0.998879075
30.9909992	0.998878300
31.0009995	0.998878777
31.0109997	0.998880625
31.0209999	0.998883784
31.0310001	0.998888314
31.0410004	0.998894095
31.0510006	0.998901188
31.0610008	0.998909593
31.0709991	0.998919308
31.0809994	0.998930275
31.0909996	0.998942494
31.1009998	0.998955905
31.1110001	0.998970568
31.1210003	0.998986423
31.1310005	0.999003470
31.1410007	0.999021709
31.1509991	0.999041080
31.1609993	0.999061525
31.1709995	0.999083042
31.1809998	0.999105692
31.1910000	0.999129295
31.2010002	0.999153972
31.2110004	0.999179542
31.2210007	0.999206126
31.2310009	0.999233603
31.2409992	0.999261916
31.2509995	0.999291122
31.2609997	0.999321103
31.2709999	0.999351799
31.2810001	0.999383330
31.2910004	0.999415457
31.3010006	0.999448299
31.3110008	0.999481738
31.3209991	0.999515772
31.3309994	0.999550283
31.3409996	0.999585330
31.3509998	0.999620855
31.3610001	0.999656737
31.3710003	0.999692976
31.3810005	0.999729574
31.3910007	0.999766409
31.4009991	0.999803483
31.4109993	0.999840736
31.4209995	0.999878168
31.4309998	0.999915719
31.4410000	0.999953270
31.4510002	0.999990821
31.4610004	1.00002837
31.4710007	1.00006580
31.4810009	1.00010324
31.4909992	1.00014043
31.5009995	1.00017738
31.5109997	1.00021410
31.5209999	1.00025046
31.5310001	1.00028658
31.5410004	1.00032222
31.5510006	1.00035751
31.5610008	1.00039232
31.5709991	1.00042653
31.5809994	1.00046027
31.5909996	1.00049341
31.6009998	1.00052595
31.6110001	1.00055778
31.6210003	1.00058901
31.6310005	1.00061941
31.6410007	1.00064898
31.6509991	1.00067782
31.6609993	1.00070584
31.6709995	1.00073302
31.6809998	1.00075924
31.6910000	1.00078452
31.7010002	1.00080884
31.7110004	1.00083220
31.7210007	1.00085449
31.7310009	1.00087571
31.7409992	1.00089598
31.7509995	1.00091505
31.7609997	1.00093305
31.7709999	1.00094998
31.7810001	1.00096571
31.7910004	1.00098026
31.8010006	1.00099361
31.8110008	1.00100577
31.8209991	1.00101674
31.8309994	1.00102651
31.8409996	1.00103498
31.8509998	1.00104225
31.8610001	1.00104821
31.8710003	1.00105298
31.8810005	1.00105655
31.8910007	1.00105870
31.9009991	1.00105977
31.9109993	1.00105941
31.9209995	1.00105786
31.9309998	1.00105512
31.9410000	1.00105107
31.9510002	1.00104570
31.9610004	1.00103915
31.9710007	1.00103140
31.9810009	1.00102246
31.9909992	1.00101221
32.0009995	1.00100088
32.0110016	1.00098825
32.0209999	1.00097454
32.0309982	1.00095963
32.0410004	1.00094366
32.0509987	1.00092661
32.0610008	1.00090837
32.0709991	1.00088918
32.0810013	1.00086892
32.0909996	1.00084758
32.1010017	1.00082529
32.1110001	1.00080204
32.1209984	1.00077796
32.1310005	1.00075293
32.1409988	1.00072694
32.1510010	1.00070024
32.1609993	1.00067270
32.1710014	1.00064433
32.1809998	1.00061536
32.1910019	1.00058556
32.2010002	1.00055516
32.2109985	1.00052416
32.2210007	1.00049245
32.2309990	1.00046027
32.2410011	1.00042760
32.2509995	1.00039446
32.2610016	1.00036097
32.2709999	1.00032699
32.2809982	1.00029266
32.2910004	1.00025797
32.3009987	1.00022316
32.3110008	1.00018799
32.3209991	1.00015271
32.3310013	1.00011730
32.3409996	1.00008178
32.3510017	1.00004613
32.3610001	1.00001061
32.3709984	0.999975026
32.3810005	0.999939501
32.3909988	0.999904096
32.4010010	0.999868870
32.4109993	0.999833882
32.4210014	0.999799073
32.4309998	0.999764562
32.4410019	0.999730349
32.4510002	0.999696553
32.4609985	0.999663115
32.4710007	0.999630153
32.4809990	0.999597609
32.4910011	0.999565601
32.5009995	0.999534190
32.5110016	0.999503314
32.5209999	0.999473095
32.5309982	0.999443531
32.5410004	0.999414682
32.5509987	0.999386549
32.5610008	0.999359190
32.5709991	0.999332607
32.5810013	0.999306858
32.5909996	0.999281943
32.6010017	0.999257922
32.6110001	0.999234855
32.6209984	0.999212682
32.6310005	0.999191463
32.6409988	0.999171257
32.6510010	0.999152005
32.6609993	0.999133825
32.6710014	0.999116719
32.6809998	0.999100626
32.6910019	0.999085665
32.7010002	0.999071777
32.7109985	0.999059021
32.7210007	0.999047458
32.7309990	0.999036968
32.7410011	0.999027669
32.7509995	0.999019504
32.7610016	0.999012530
32.7709999	0.999006748
32.7809982	0.999002159
32.7910004	0.998998702
32.8009987	0.998996496
32.8110008	0.998995483
32.8209991	0.998995662
32.8310013	0.998997033
32.8409996	0.998999596
32.8510017	0.999003351
32.8610001	0.999008298
32.8709984	0.999014378
32.8810005	0.999021649
32.8909988	0.999030113
32.9010010	0.999039650
32.9109993	0.999050379
32.9210014	0.999062181
32.9309998	0.999075115
32.9410019	0.999089181
32.9510002	0.999104261
32.9609985	0.999120355
32.9710007	0.999137521
32.9809990	0.999155700
32.9910011	0.999174893
33.0009995	0.999194980
33.0110016	0.999216080
33.0209999	0.999238014
33.0309982	0.999260902
33.0410004	0.999284625
33.0509987	0.999309123
33.0610008	0.999334455
33.0709991	0.999360561
33.0810013	0.999387443
33.0909996	0.999414980
33.1010017	0.999443173
33.1110001	0.999472022
33.1209984	0.999501467
33.1310005	0.999531448
33.1409988	0.999561965
33.1510010	0.999593019
33.1609993	0.999624491
33.1710014	0.999656379
33.1809998	0.999688625
33.1910019	0.999721229
33.2010002	0.999754131
33.2109985	0.999787271
33.2210007	0.999820650
33.2309990	0.999854207
33.2410011	0.999887943
33.2509995	0.999921739
33.2610016	0.999955595
33.2709999	0.999989450
33.2809982	1.00002337
33.2910004	1.00005710
33.3009987	1.00009084
33.3110008	1.00012434
33.3209991	1.00015771
33.3310013	1.00019085
33.3409996	1.00022364
33.3510017	1.00025630
33.3610001	1.00028849
33.3709984	1.00032032
33.3810005	1.00035179
33.3909988	1.00038278
33.4010010	1.00041330
33.4109993	1.00044322
33.4210014	1.00047266
33.4309998	1.00050151
33.4410019	1.00052965
33.4510002	1.00055718
33.4609985	1.00058401
33.4710007	1.00061011
33.4809990	1.00063539
33.4910011	1.00065994
33.5009995	1.00068378
33.5110016	1.00070667
33.5209999	1.00072861
33.5309982	1.00074983
33.5410004	1.00076997
33.5509987	1.00078928
33.5610008	1.00080764
33.5709991	1.00082493
33.5810013	1.00084126
33.5909996	1.00085652
33.6010017	1.00087082
33.6110001	1.00088406
33.6209984	1.00089610
33.6310005	1.00090718
33.6409988	1.00091708
33.6510010	1.00092602
33.6609993	1.00093365
33.6710014	1.00094032
33.6809998	1.00094569
33.6910019	1.00095010
33.7010002	1.00095320
33.7109985	1.00095534
33.7210007	1.00095618
33.7309990	1.00095594
33.7410011	1.00095451
33.7509995	1.00095201
33.7610016	1.00094831
33.7709999	1.00094354
33.7809982	1.00093758
33.7910004	1.00093055
33.8009987	1.00092244
33.8110008	1.00091314
33.8209991	1.00090289
33.8310013	1.00089145
33.8409996	1.00087905
33.8510017	1.00086558
33.8610001	1.00085104
33.8709984	1.00083554
33.8810005	1.00081909
33.8909988	1.00080156
33.9010010	1.00078321
33.9109993	1.00076389
33.9210014	1.00074375
33.9309998	1.00072265
33.9410019	1.00070071
33.9510002	1.00067806
33.9609985	1.00065458
33.9710007	1.00063026
33.9809990	1.00060523
33.9910011	1.00057960
34.0009995	1.00055325
34.0110016	1.00052631
34.0209999	1.00049865
34.0309982	1.00047052
34.0410004	1.00044191
34.0509987	1.00041270
34.0610008	1.00038314
34.0709991	1.00035310
34.0810013	1.00032258
34.0909996	1.00029182
34.1010017	1.00026071
34.1110001	1.00022936
34.1209984	1.00019777
34.1310005	1.00016594
34.1409988	1.00013399
34.1510010	1.00010192
34.1609993	1.00006974
34.1710014	1.00003743
34.1809998	1.00000525
34.1910019	0.999973059
34.2010002	0.999940932
34.2109985	0.999908924
34.2210007	0.999877036
34.2309990	0.999845326
34.2410011	0.999813855
34.2509995	0.999782681
34.2610016	0.999751747
34.2709999	0.999721169
34.2809982	0.999690950
34.2910004	0.999661148
34.3009987	0.999631822
34.3110008	0.999602914
34.3209991	0.999574542
34.3310013	0.999546707
34.3409996	0.999519408
34.3510017	0.999492764
34.3610001	0.999466777
34.3709984	0.999441385
34.3810005	0.999416769
34.3909988	0.999392807
34.4010010	0.999369681
34.4109993	0.999347270
34.4210014	0.999325693
34.4309998	0.999304950
34.4410019	0.999285042
34.4510002	0.999266028
34.4609985	0.999247849
34.4710007	0.999230683
34.4809990	0.999214411
34.4910011	0.999199092
34.5009995	0.999184787
34.5110016	0.999171436
34.5209999	0.999159098
34.5309982	0.999147773
34.5410004	0.999137461
34.5509987	0.999128222
34.5610008	0.999120057
34.5709991	0.999112904
34.5810013	0.999106824
34.5909996	0.999101877
34.6010017	0.999097943
34.6110001	0.999095142
34.6209984	0.999093354
34.6310005	0.999092698
34.6409988	0.999093115
34.6510010	0.999094605
34.6609993	0.999097228
34.6710014	0.999100864
34.6809998	0.999105573
34.6910019	0.999111414
34.7010002	0.999118209
34.7109985	0.999126136
34.7210007	0.999135077
34.7309990	0.999144971
34.7410011	0.999155939
34.7509995	0.999167919
34.7610016	0.999180853
34.7709999	0.999194741
34.7809982	0.999209583
34.7910004	0.999225318
34.8009987	0.999242008
34.8110008	0.999259591
34.8209991	0.999278009
34.8310013	0.999297261
34.8409996	0.999317348
34.8510017	0.999338210
34.8610001	0.999359846
34.8709984	0.999382257
34.8810005	0.999405324
34.8909988	0.999429107
34.9010010	0.999453545
34.9109993	0.999478638
34.9210014	0.999504268
34.9309998	0.999530494
34.9410019	0.999557197
34.9510002	0.999584436
34.9609985	0.999612153
34.9710007	0.999640286
34.9809990	0.999668837
34.9910011	0.999697745
35.0009995	0.999726951
35.0110016	0.999756515
35.0209999	0.999786258
35.0309982	0.999816239
35.0410004	0.999846458
35.0509987	0.999876797
35.0610008	0.999907255
35.0709991	0.999937773
35.0810013	0.999968290
35.0909996	0.999998868
35.1010017	1.00002944
35.1110001	1.00005984
35.1209984	1.00009024
35.1310005	1.00012040
35.1409988	1.00015044
35.1510010	1.00018024
35.1609993	1.00020981
35.1710014	1.00023913
35.1809998	1.00026810
35.1910019	1.00029671
35.2010002	1.00032485
35.2109985	1.00035274
35.2210007	1.00038004
35.2309990	1.00040686
35.2410011	1.00043321
35.2509995	1.00045907
35.2610016	1.00048423
35.2709999	1.00050879
35.2809982	1.00053287
35.2910004	1.00055611
35.3009987	1.00057876
35.3110008	1.00060058
35.3209991	1.00062180
35.3310013	1.00064218
35.3409996	1.00066173
35.3510017	1.00068045
35.3610001	1.00069845
35.3709984	1.00071549
35.3810005	1.00073171
35.3909988	1.00074708
35.4010010	1.00076139
35.4109993	1.00077486
35.4210014	1.00078738
35.4309998	1.00079906
35.4410019	1.00080955
35.4510002	1.00081921
35.4609985	1.00082791
35.4710007	1.00083554
35.4809990	1.00084209
35.4910011	1.00084770
35.5009995	1.00085235
35.5110016	1.00085592
35.5209999	1.00085843
35.5309982	1.00085998
35.5410004	1.00086045
35.5509987	1.00085986
35.5610008	1.00085831
35.5709991	1.00085568
35.5810013	1.00085199
35.5909996	1.00084746
35.6010017	1.00084174
35.6110001	1.00083518
35.6209984	1.00082743
35.6310005	1.00081885
35.6409988	1.00080931
35.6510010	1.00079870
35.6609993	1.00078726
35.6710014	1.00077486
35.6809998	1.00076163
35.6910019	1.00074732
35.7010002	1.00073230
35.7109985	1.00071633
35.7210007	1.00069952
35.7309990	1.00068200
35.7410011	1.00066364
35.7509995	1.00064445
35.7610016	1.00062454
35.7709999	1.00060391
35.7809982	1.00058258
35.7910004	1.00056064
35.8009987	1.00053799
35.8110008	1.00051475
35.8209991	1.00049090
35.8310013	1.00046659
35.8409996	1.00044167
35.8510017	1.00041628
35.8610001	1.00039041
35.8709984	1.00036407
35.8810005	1.00033736
35.8909988	1.00031030
35.9010010	1.00028288
35.9109993	1.00025523
35.9210014	1.00022721
35.9309998	1.00019896
35.9410019	1.00017059
35.9510002	1.00014198
35.9609985	1.00011325
35.9710007	1.00008452
35.9809990	1.00005555
35.9910011	1.00002670
36.0009995	0.999997795
36.0110016	0.999968886
36.0209999	0.999940097
36.0309982	0.999911427
36.0410004	0.999882877
36.0509987	0.999854505
36.0610008	0.999826372
36.0709991	0.999798417
36.0810013	0.999770761
36.0909996	0.999743462
36.1010017	0.999716461
36.1110001	0.999689817
36.1209984	0.999663591
36.1310005	0.999637842
36.1409988	0.999612510
36.1510010	0.999587655
36.1609993	0.999563336
36.1710014	0.999539614
36.1809998	0.999516428
36.1910019	0.999493837
36.2010002	0.999471903
36.2109985	0.999450624
36.2210007	0.999430001
36.2309990	0.999410093
36.2410011	0.999390900
36.2509995	0.999372482
36.2610016	0.999354839
36.2709999	0.999337971
36.2809982	0.999321878
36.2910004	0.999306619
36.3009987	0.999292254
36.3110008	0.999278724
36.3209991	0.999266088
36.3310013	0.999254286
36.3409996	0.999243438
36.3510017	0.999233484
36.3610001	0.999224424
36.3709984	0.999216318
36.3810005	0.999209166
36.3909988	0.999202967
36.4010010	0.999197721
36.4109993	0.999193430
36.4210014	0.999190092
36.4309998	0.999187768
36.4410019	0.999186397
36.4510002	0.999185920
36.4609985	0.999186516
36.4710007	0.999188006
36.4809990	0.999190509
36.4910011	0.999193907
36.5009995	0.999198318
36.5110016	0.999203682
36.5209999	0.999209940
36.5309982	0.999217153
36.5410004	0.999225318
36.5509987	0.999234319
36.5610008	0.999244273
36.5709991	0.999255121
36.5810013	0.999266803
36.5909996	0.999279380
36.6010017	0.999292791
36.6110001	0.999307036
36.6209984	0.999322057
36.6310005	0.999337912
36.6409988	0.999354482
36.6510010	0.999371827
36.6609993	0.999389887
36.6710014	0.999408662
36.6809998	0.999428153
36.6910019	0.999448240
36.7010002	0.999468982
36.7109985	0.999490380
36.7210007	0.999512315
36.7309990	0.999534786
36.7410011	0.999557793
36.7509995	0.999581337
36.7610016	0.999605298
36.7709999	0.999629736
36.7809982	0.999654591
36.7910004	0.999679804
36.8009987	0.999705434
36.8110008	0.999731302
36.8209991	0.999757528
36.8310013	0.999783933
36.8409996	0.999810636
36.8510017	0.999837518
36.8610001	0.999864519
36.8709984	0.999891698
36.8810005	0.999918997
36.8909988	0.999946296
36.9010010	0.999973655
36.9109993	1.00000107
36.9210014	1.00002837
36.9309998	1.00005567
36.9410019	1.00008285
36.9510002	1.00010991
36.9609985	1.00013673
36.9710007	1.00016344
36.9809990	1.00018990
36.9910011	1.00021613
37.0009995	1.00024199
37.0110016	1.00026762
37.0209999	1.00029290
37.0309982	1.00031781
37.0410004	1.00034225
37.0509987	1.00036633
37.0610008	1.00038993
37.0709991	1.00041306
37.0810013	1.00043559
37.0909996	1.00045764
37.1010017	1.00047910
37.1110001	1.00049996
37.1209984	1.00052023
37.1310005	1.00053978
37.1409988	1.00055873
37.1510010	1.00057709
37.1609993	1.00059462
37.1710014	1.00061142
37.1809998	1.00062752
37.1910019	1.00064290
37.2010002	1.00065744
37.2109985	1.00067115
37.2210007	1.00068402
37.2309990	1.00069618
37.2410011	1.00070739
37.2509995	1.00071776
37.2610016	1.00072730
37.2709999	1.00073600
37.2809982	1.00074375
37.2910004	1.00075066
37.3009987	1.00075662
37.3110008	1.00076175
37.3209991	1.00076592
37.3310013	1.00076914
37.3409996	1.00077140
37.3510017	1.00077283
37.3610001	1.00077331
37.3709984	1.00077295
37.3810005	1.00077152
37.3909988	1.00076926
37.4010010	1.00076604
37.4109993	1.00076199
37.4210014	1.00075698
37.4309998	1.00075114
37.4410019	1.00074434
37.4510002	1.00073671
37.4609985	1.00072813
37.4710007	1.00071883
37.4809990	1.00070858
37.4910011	1.00069749
37.5009995	1.00068557
37.5110016	1.00067294
37.5209999	1.00065947
37.5309982	1.00064528
37.5410004	1.00063026
37.5509987	1.00061452
37.5610008	1.00059807
37.5709991	1.00058103
37.5810013	1.00056314
37.5909996	1.00054479
37.6010017	1.00052571
37.6110001	1.00050604
37.6209984	1.00048578
37.6310005	1.00046492
37.6409988	1.00044358
37.6510010	1.00042176
37.6609993	1.00039947
37.6710014	1.00037658
37.6809998	1.00035346
37.6910019	1.00032985
37.7010002	1.00030589
37.7109985	1.00028157
37.7210007	1.00025702
37.7309990	1.00023210
37.7410011	1.00020695
37.7509995	1.00018167
37.7610016	1.00015604
37.7709999	1.00013041
37.7809982	1.00010455
37.7910004	1.00007868
37.8009987	1.00005269
37.8110008	1.00002658
37.8209991	1.00000060
37.8310013	0.999974608
37.8409996	0.999948680
37.8510017	0.999922812
37.8610001	0.999897122
37.8709984	0.999871552
37.8810005	0.999846160
37.8909988	0.999820948
37.9010010	0.999795973
37.9109993	0.999771297
37.9210014	0.999746919
37.9309998	0.999722898
37.9410019	0.999699175
37.9510002	0.999675870
37.9609985	0.999652982
37.9710007	0.999630511
37.9809990	0.999608517
37.9910011	0.999586999
38.0009995	0.999565959
38.0110016	0.999545515
38.0209999	0.999525607
38.0309982	0.999506295
38.0410004	0.999487579
38.0509987	0.999469459
38.0610008	0.999452055
38.0709991	0.999435246
38.0810013	0.999419212
38.0909996	0.999403834
38.1010017	0.999389172
38.1110001	0.999375284
38.1209984	0.999362111
38.1310005	0.999349713
38.1409988	0.999338150
38.1510010	0.999327302
38.1609993	0.999317348
38.1710014	0.999308169
38.1809998	0.999299824
38.1910019	0.999292314
38.2010002	0.999285698
38.2109985	0.999279916
38.2210007	0.999274969
38.2309990	0.999270916
38.2410011	0.999267697
38.2509995	0.999265373
38.2610016	0.999263942
38.2709999	0.999263346
38.2809982	0.999263644
38.2910004	0.999264836
38.3009987	0.999266863
38.3110008	0.999269783
38.3209991	0.999273598
38.3310013	0.999278188
38.3409996	0.999283731
38.3510017	0.999290049
38.3610001	0.999297202
38.3709984	0.999305248
38.3810005	0.999314070
38.3909988	0.999323666
38.4010010	0.999334097
38.4109993	0.999345303
38.4210014	0.999357283
38.4309998	0.999369979
38.4410019	0.999383450
38.4510002	0.999397635
38.4609985	0.999412477
38.4710007	0.999428034
38.4809990	0.999444306
38.4910011	0.999461174
38.5009995	0.999478638
38.5110016	0.999496758
38.5209999	0.999515414
38.5309982	0.999534667
38.5410004	0.999554455
38.5509987	0.999574721
38.5610008	0.999595523
38.5709991	0.999616742
38.5810013	0.999638438
38.5909996	0.999660492
38.6010017	0.999682963
38.6110001	0.999705791
38.6209984	0.999728918
38.6310005	0.999752343
38.6409988	0.999776065
38.6510010	0.999800026
38.6609993	0.999824226
38.6710014	0.999848604
38.6809998	0.999873102
38.6910019	0.999897778
38.7010002	0.999922514
38.7109985	0.999947369
38.7210007	0.999972224
38.7309990	0.999997079
38.7410011	1.00002193
38.7509995	1.00004673
38.7610016	1.00007141
38.7709999	1.00009608
38.7809982	1.00012052
38.7910004	1.00014484
38.8009987	1.00016892
38.8110008	1.00019288
38.8209991	1.00021648
38.8310013	1.00023985
38.8409996	1.00026298
38.8510017	1.00028563
38.8610001	1.00030804
38.8709984	1.00032997
38.8810005	1.00035155
38.8909988	1.00037265
38.9010010	1.00039339
38.9109993	1.00041354
38.9210014	1.00043321
38.9309998	1.00045228
38.9410019	1.00047088
38.9510002	1.00048888
38.9609985	1.00050628
38.9710007	1.00052309
38.9809990	1.00053918
38.9910011	1.00055468
39.0009995	1.00056946
39.0110016	1.00058353
39.0209999	1.00059700
39.0309982	1.00060964
39.0410004	1.00062156
39.0509987	1.00063276
39.0610008	1.00064325
39.0709991	1.00065279
39.0810013	1.00066173
39.0909996	1.00066972
39.1010017	1.00067699
39.1110001	1.00068343
39.1209984	1.00068903
39.1310005	1.00069392
39.1409988	1.00069785
39.1510010	1.00070095
39.1609993	1.00070322
39.1710014	1.00070477
39.1809998	1.00070536
39.1910019	1.00070512
39.2010002	1.00070405
39.2109985	1.00070214
39.2210007	1.00069940
39.2309990	1.00069582
39.2410011	1.00069141
39.2509995	1.00068617
39.2610016	1.00068009
39.2709999	1.00067329
39.2809982	1.00066555
39.2910004	1.00065720
39.3009987	1.00064802
39.3110008	1.00063801
39.3209991	1.00062728
39.3310013	1.00061584
39.3409996	1.00060368
39.3510017	1.00059068
39.3610001	1.00057721
39.3709984	1.00056291
39.3810005	1.00054801
39.3909988	1.00053239
39.4010010	1.00051630
39.4109993	1.00049949
39.4210014	1.00048208
39.4309998	1.00046420
39.4410019	1.00044572
39.4510002	1.00042677
39.4609985	1.00040734
39.4710007	1.00038743
39.4809990	1.00036705
39.4910011	1.00034630
39.5009995	1.00032508
39.5110016	1.00030351
39.5209999	1.00028169
39.5309982	1.00025940
39.5410004	1.00023699
39.5509987	1.00021422
39.5610008	1.00019121
39.5709991	1.00016809
39.5810013	1.00014472
39.5909996	1.00012112
39.6010017	1.00009751
39.6110001	1.00007379
39.6209984	1.00004995
39.6310005	1.00002611
39.6409988	1.00000226
39.6510010	0.999978483
39.6609993	0.999954700
39.6710014	0.999931037
39.6809998	0.999907434
39.6910019	0.999883950
39.7010002	0.999860644
39.7109985	0.999837577
39.7210007	0.999814689
39.7309990	0.999792039
39.7410011	0.999769628
39.7509995	0.999747574
39.7610016	0.999725819
39.7709999	0.999704361
39.7809982	0.999683321
39.7910004	0.999662697
39.8009987	0.999642491
39.8110008	0.999622703
39.8209991	0.999603391
39.8310013	0.999584615
39.8409996	0.999566317
39.8510017	0.999548554
39.8610001	0.999531329
39.8709984	0.999514699
39.8810005	0.999498665
39.8909988	0.999483228
39.9010010	0.999468446
39.9109993	0.999454260
39.9210014	0.999440789
39.9309998	0.999427974
39.9410019	0.999415874
39.9510002	0.999404490
39.9609985	0.999393761
39.9710007	0.999383807
39.9809990	0.999374628
39.9910011	0.999366164
40.0009995	0.999358475
40.0110016	0.999351561
40.0209999	0.999345422
40.0309982	0.999340117
40.0410004	0.999335527
40.0509987	0.999331772
40.0610008	0.999328792
40.0709991	0.999326646
40.0810013	0.999325335
40.0909996	0.999324739
40.1010017	0.999325037
40.1110001	0.999326110
40.1209984	0.999327958
40.1310005	0.999330640
40.1409988	0.999334097
40.1510010	0.999338329
40.1609993	0.999343336
40.1710014	0.999349177
40.1809998	0.999355793
40.1910019	0.999363124
40.2010002	0.999371231
40.2109985	0.999380052
40.2210007	0.999389648
40.2309990	0.999399900
40.2410011	0.999410927
40.2509995	0.999422610
40.2610016	0.999435008
40.2709999	0.999448001
40.2809982	0.999461710
40.2910004	0.999476016
40.3009987	0.999490917
40.3110008	0.999506414
40.3209991	0.999522507
40.3310013	0.999539137
40.3409996	0.999556363
40.3510017	0.999574006
40.3610001	0.999592185
40.3709984	0.999610841
40.3810005	0.999629974
40.3909988	0.999649465
40.4010010	0.999669433
40.4109993	0.999689698
40.4210014	0.999710381
40.4309998	0.999731302
40.4410019	0.999752581
40.4510002	0.999774158
40.4609985	0.999795973
40.4710007	0.999817967
40.4809990	0.999840200
40.4910011	0.999862611
40.5009995	0.999885142
40.5110016	0.999907792
40.5209999	0.999930561
40.5309982	0.999953330
40.5410004	0.999976158
40.5509987	0.999999046
40.5610008	1.00002182
40.5709991	1.00004458
40.5810013	1.00006735
40.5909996	1.00008988
40.6010017	1.00011241
40.6110001	1.00013471
40.6209984	1.00015688
40.6310005	1.00017881
40.6409988	1.00020051
40.6510010	1.00022197
40.6609993	1.00024307
40.6710014	1.00026393
40.6809998	1.00028443
40.6910019	1.00030458
40.7010002	1.00032437
40.7109985	1.00034368
40.7210007	1.00036263
40.7309990	1.00038111
40.7410011	1.00039911
40.7509995	1.00041664
40.7610016	1.00043356
40.7709999	1.00045002
40.7809982	1.00046599
40.7910004	1.00048125
40.8009987	1.00049603
40.8110008	1.00051022
40.8209991	1.00052369
40.8310013	1.00053656
40.8409996	1.00054884
40.8510017	1.00056028
40.8610001	1.00057125
40.8709984	1.00058138
40.8810005	1.00059092
40.8909988	1.00059962
40.9010010	1.00060761
40.9109993	1.00061500
40.9210014	1.00062156
40.9309998	1.00062728
40.9410019	1.00063241
40.9510002	1.00063670
