1.00000005E-03	0.286533535
1.09999999E-02	0.292943031
2.09999997E-02	0.292917758
3.09999995E-02	0.292876691
4.10000011E-02	0.292819798
5.09999990E-02	0.292747051
6.10000007E-02	0.292658418
7.10000023E-02	0.292553812
8.10000002E-02	0.292433202
9.09999982E-02	0.292296499
0.101000004	0.292143643
0.111000001	0.291974545
0.120999999	0.291789085
0.130999997	0.291587204
0.141000003	0.291368723
0.150999993	0.291133553
0.160999998	0.290881544
0.171000004	0.290612578
0.180999994	0.290326476
0.191000000	0.290023088
0.201000005	0.289702237
0.210999995	0.289363712
0.221000001	0.289007336
0.231000006	0.288632929
0.240999997	0.288240224
0.250999987	0.287829041
0.261000007	0.287399143
0.270999998	0.286950260
0.280999988	0.286482155
0.291000009	0.285994560
0.300999999	0.285487145
0.310999990	0.284959704
0.321000010	0.284411877
0.331000000	0.283843398
0.340999991	0.283253878
0.351000011	0.282643050
0.361000001	0.282010555
0.370999992	0.281355977
0.381000012	0.280679047
0.391000003	0.279979289
0.400999993	0.279256374
0.411000013	0.278509855
0.421000004	0.277739346
0.430999994	0.276944429
0.441000015	0.276124626
0.451000005	0.275279522
0.460999995	0.274408638
0.470999986	0.273511499
0.481000006	0.272587597
0.490999997	0.271636486
0.500999987	0.270657599
0.510999978	0.269650459
0.521000028	0.268614501
0.531000018	0.267549217
0.541000009	0.266454011
0.550999999	0.265328318
0.560999990	0.264171600
0.570999980	0.262983263
0.580999970	0.261762679
0.591000021	0.260509253
0.601000011	0.259222388
0.611000001	0.257901460
0.620999992	0.256545842
0.630999982	0.255154908
0.640999973	0.253728002
0.651000023	0.252264470
0.661000013	0.250763714
0.671000004	0.249225020
0.680999994	0.247647777
0.690999985	0.246031314
0.700999975	0.244375020
0.711000025	0.242678210
0.721000016	0.240940273
0.731000006	0.239160553
0.740999997	0.237338468
0.750999987	0.235473365
0.760999978	0.233564690
0.771000028	0.231611848
0.781000018	0.229614288
0.791000009	0.227571473
0.800999999	0.225482926
0.810999990	0.223348141
0.820999980	0.221166715
0.830999970	0.218938231
0.841000021	0.216662347
0.851000011	0.214338765
0.861000001	0.211967230
0.870999992	0.209547579
0.880999982	0.207079649
0.890999973	0.204563439
0.901000023	0.201998949
0.911000013	0.199386314
0.921000004	0.196725741
0.930999994	0.194017544
0.940999985	0.191262141
0.950999975	0.188460082
0.961000025	0.185612023
0.971000016	0.182718754
0.981000006	0.179781243
0.990999997	0.176800564
1.00100005	0.173777983
1.01100004	0.170714945
1.02100003	0.167613044
1.03100002	0.164474115
1.04100001	0.161300138
1.05100000	0.158093333
1.06099999	0.154856160
1.07099998	0.151591271
1.08099997	0.148301572
1.09099996	0.144990236
1.10099995	0.141660661
1.11099994	0.138316512
1.12100005	0.134961724
1.13100004	0.131600514
1.14100003	0.128237337
1.15100002	0.124876969
1.16100001	0.121524423
1.17100000	0.118185006
1.18099999	0.114864282
1.19099998	0.111568093
1.20099998	0.108302511
1.21099997	0.105073884
1.22099996	0.101888768
1.23099995	9.87539440E-02
1.24100006	9.56763774E-02
1.25100005	9.26632136E-02
1.26100004	8.97217393E-02
1.27100003	8.68593901E-02
1.28100002	8.40836465E-02
1.29100001	8.14020857E-02
1.30100000	7.88222924E-02
1.31099999	7.63518214E-02
1.32099998	7.39981979E-02
1.33099997	7.17688203E-02
1.34099996	6.96709603E-02
1.35099995	6.77117035E-02
1.36099994	6.58978969E-02
1.37100005	6.42361045E-02
1.38100004	6.27325848E-02
1.39100003	6.13932125E-02
1.40100002	6.02234565E-02
1.41100001	5.92283458E-02
1.42100000	5.84124066E-02
1.43099999	5.77796549E-02
1.44099998	5.73335364E-02
1.45099998	5.70769310E-02
1.46099997	5.70121072E-02
1.47099996	5.71407042E-02
1.48099995	5.74637353E-02
1.49100006	5.79815619E-02
1.50100005	5.86939082E-02
1.51100004	5.95998466E-02
1.52100003	6.06978200E-02
1.53100002	6.19856492E-02
1.54100001	6.34605587E-02
1.55100000	6.51191771E-02
1.56099999	6.69576004E-02
1.57099998	6.89714029E-02
1.58099997	7.11556673E-02
1.59099996	7.35050365E-02
1.60099995	7.60137588E-02
1.61099994	7.86757097E-02
1.62100005	8.14844444E-02
1.63100004	8.44332650E-02
1.64100003	8.75152200E-02
1.65100002	9.07232091E-02
1.66100001	9.40499678E-02
1.67100000	9.74881500E-02
1.68099999	0.101030357
1.69099998	0.104669191
1.70099998	0.108397268
1.71099997	0.112207256
1.72099996	0.116091937
1.73099995	0.120044224
1.74100006	0.124057159
1.75100005	0.128123969
1.76100004	0.132238120
1.77100003	0.136393219
1.78100002	0.140583187
1.79100001	0.144802153
1.80100000	0.149044499
1.81099999	0.153304890
1.82099998	0.157578275
1.83099997	0.161859870
1.84099996	0.166145146
1.85099995	0.170429915
1.86099994	0.174710214
1.87100005	0.178982377
1.88100004	0.183243021
1.89100003	0.187489018
1.90100002	0.191717505
1.91100001	0.195925876
1.92100000	0.200111791
1.93099999	0.204273105
1.94099998	0.208407968
1.95099998	0.212514699
1.96099997	0.216591865
1.97099996	0.220638230
1.98099995	0.224652752
1.99100006	0.228634566
2.00099993	0.232583031
2.01099992	0.236497626
2.02099991	0.240378037
2.03099990	0.244224057
2.04099989	0.248035669
2.05100012	0.251812994
2.06100011	0.255556256
2.07100010	0.259265840
2.08100009	0.262942195
2.09100008	0.266585976
2.10100007	0.270197868
2.11100006	0.273778707
2.12100005	0.277329385
2.13100004	0.280850917
2.14100003	0.284344405
2.15100002	0.287811071
2.16100001	0.291252106
2.17100000	0.294668943
2.18099999	0.298062980
2.19099998	0.301435709
2.20099998	0.304788738
2.21099997	0.308123708
2.22099996	0.311442345
2.23099995	0.314746439
2.24099994	0.318037868
2.25099993	0.321318567
2.26099992	0.324590564
2.27099991	0.327855885
2.28099990	0.331116766
2.29099989	0.334375322
2.30100012	0.337633938
2.31100011	0.340894938
2.32100010	0.344160765
2.33100009	0.347433984
2.34100008	0.350717127
2.35100007	0.354012936
2.36100006	0.357324183
2.37100005	0.360653669
2.38100004	0.364004374
2.39100003	0.367379338
2.40100002	0.370781660
2.41100001	0.374214619
2.42100000	0.377681494
2.43099999	0.381185740
2.44099998	0.384730935
2.45099998	0.388320684
2.46099997	0.391958773
2.47099996	0.395649105
2.48099995	0.399395674
2.49099994	0.403202623
2.50099993	0.407074243
2.51099992	0.411014915
2.52099991	0.415029168
2.53099990	0.419121683
2.54099989	0.423297316
2.55100012	0.427560985
2.56100011	0.431917846
2.57100010	0.436373144
2.58100009	0.440932304
2.59100008	0.445600897
2.60100007	0.450384647
2.61100006	0.455289453
2.62100005	0.460321337
2.63100004	0.465486526
2.64100003	0.470791310
2.65100002	0.476242244
2.66100001	0.481845945
2.67100000	0.487609237
2.68099999	0.493538976
2.69099998	0.499642283
2.70099998	0.505926251
2.71099997	0.512398243
2.72099996	0.519065619
2.73099995	0.525935829
2.74099994	0.533016384
2.75099993	0.540314913
2.76099992	0.547839046
2.77099991	0.555596352
2.78099990	0.563594460
2.79099989	0.571840882
2.80100012	0.580343187
2.81100011	0.589108765
2.82100010	0.598144770
2.83100009	0.607458293
2.84100008	0.617056131
2.85100007	0.626944959
2.86100006	0.637130916
2.87100005	0.647619903
2.88100004	0.658417404
2.89100003	0.669528425
2.90100002	0.680957377
2.91100001	0.692708135
2.92100000	0.704783916
2.93099999	0.717187226
2.94099998	0.729919732
2.95099998	0.742982328
2.96099997	0.756374955
2.97099996	0.770096600
2.98099995	0.784145176
2.99099994	0.798517644
3.00099993	0.813209653
3.01099992	0.828215718
3.02099991	0.843529105
3.03099990	0.859141827
3.04099989	0.875044644
3.05100012	0.891226768
3.06100011	0.907676220
3.07100010	0.924379706
3.08100009	0.941322386
3.09100008	0.958488345
3.10100007	0.975860059
3.11100006	0.993419051
3.12100005	1.01114535
3.13100004	1.02901793
3.14100003	1.04701483
3.15100002	1.06511295
3.16100001	1.08328831
3.17100000	1.10151625
3.18099999	1.11977136
3.19099998	1.13802791
3.20099998	1.15625954
3.21099997	1.17443979
3.22099996	1.19254220
3.23099995	1.21054018
3.24099994	1.22840750
3.25099993	1.24611843
3.26099992	1.26364744
3.27099991	1.28096974
3.28099990	1.29806161
3.29099989	1.31490004
3.30100012	1.33146310
3.31100011	1.34772992
3.32100010	1.36368108
3.33100009	1.37929833
3.34100008	1.39456487
3.35100007	1.40946543
3.36100006	1.42398620
3.37100005	1.43811488
3.38100004	1.45184064
3.39100003	1.46515429
3.40100002	1.47804821
3.41100001	1.49051607
3.42100000	1.50255346
3.43099999	1.51415670
3.44099998	1.52532423
3.45099998	1.53605533
3.46099997	1.54635060
3.47099996	1.55621195
3.48099995	1.56564224
3.49099994	1.57464528
3.50099993	1.58322597
3.51099992	1.59139013
3.52099991	1.59914410
3.53099990	1.60649490
3.54099989	1.61345029
3.55100012	1.62001848
3.56100011	1.62620819
3.57100010	1.63202834
3.58100009	1.63748825
3.59100008	1.64259732
3.60100007	1.64736533
3.61100006	1.65180206
3.62100005	1.65591717
3.63100004	1.65972066
3.64100003	1.66322207
3.65100002	1.66643131
3.66100001	1.66935754
3.67100000	1.67201042
3.68099999	1.67439902
3.69099998	1.67653215
3.70099998	1.67841864
3.71099997	1.68006694
3.72099996	1.68148518
3.73099995	1.68268108
3.74099994	1.68366241
3.75099993	1.68443632
3.76099992	1.68500984
3.77099991	1.68538940
3.78099990	1.68558156
3.79099989	1.68559217
3.80100012	1.68542683
3.81100011	1.68509102
3.82100010	1.68458986
3.83100009	1.68392789
3.84100008	1.68310976
3.85100007	1.68213964
3.86100006	1.68102121
3.87100005	1.67975831
3.88100004	1.67835426
3.89100003	1.67681205
3.90100002	1.67513478
3.91100001	1.67332494
3.92100000	1.67138493
3.93099999	1.66931713
3.94099998	1.66712344
3.95099998	1.66480589
3.96099997	1.66236603
3.97099996	1.65980530
3.98099995	1.65712535
3.99099994	1.65432727
4.00099993	1.65141225
4.01100016	1.64838123
4.02099991	1.64523530
4.03100014	1.64197528
4.04099989	1.63860178
4.05100012	1.63511574
4.06099987	1.63151777
4.07100010	1.62780845
4.08099985	1.62398851
4.09100008	1.62005842
4.10099983	1.61601877
4.11100006	1.61187029
4.12099981	1.60761344
4.13100004	1.60324895
4.14099979	1.59877753
4.15100002	1.59419990
4.16099977	1.58951676
4.17100000	1.58472896
4.18100023	1.57983744
4.19099998	1.57484317
4.20100021	1.56974721
4.21099997	1.56455076
4.22100019	1.55925500
4.23099995	1.55386138
4.24100018	1.54837120
4.25099993	1.54278624
4.26100016	1.53710806
4.27099991	1.53133845
4.28100014	1.52547932
4.29099989	1.51953280
4.30100012	1.51350093
4.31099987	1.50738597
4.32100010	1.50119054
4.33099985	1.49491704
4.34100008	1.48856795
4.35099983	1.48214626
4.36100006	1.47565472
4.37099981	1.46909642
4.38100004	1.46247435
4.39099979	1.45579171
4.40100002	1.44905186
4.41099977	1.44225812
4.42100000	1.43541408
4.43100023	1.42852306
4.44099998	1.42158890
4.45100021	1.41461515
4.46099997	1.40760553
4.47100019	1.40056396
4.48099995	1.39349425
4.49100018	1.38640022
4.50099993	1.37928569
4.51100016	1.37215471
4.52099991	1.36501110
4.53100014	1.35785878
4.54099989	1.35070169
4.55100012	1.34354365
4.56099987	1.33638859
4.57100010	1.32924020
4.58099985	1.32210243
4.59100008	1.31497884
4.60099983	1.30787325
4.61100006	1.30078912
4.62099981	1.29373002
4.63100004	1.28669953
4.64099979	1.27970076
4.65100002	1.27273703
4.66099977	1.26581168
4.67100000	1.25892758
4.68100023	1.25208783
4.69099998	1.24529517
4.70100021	1.23855233
4.71099997	1.23186207
4.72100019	1.22522664
4.73099995	1.21864855
4.74100018	1.21213007
4.75099993	1.20567334
4.76100016	1.19928026
4.77099991	1.19295263
4.78100014	1.18669236
4.79099989	1.18050098
4.80100012	1.17437983
4.81099987	1.16833055
4.82100010	1.16235411
4.83099985	1.15645182
4.84100008	1.15062451
4.85099983	1.14487326
4.86100006	1.13919854
4.87099981	1.13360119
4.88100004	1.12808168
4.89099979	1.12264037
4.90100002	1.11727774
4.91099977	1.11199391
4.92100000	1.10678911
4.93100023	1.10166311
4.94099998	1.09661615
4.95100021	1.09164798
4.96099997	1.08675826
4.97100019	1.08194685
4.98099995	1.07721317
4.99100018	1.07255709
5.00099993	1.06797779
5.01100016	1.06347477
5.02099991	1.05904758
5.03100014	1.05469525
5.04099989	1.05041718
5.05100012	1.04621267
5.06099987	1.04208064
5.07100010	1.03802049
5.08099985	1.03403103
5.09100008	1.03011155
5.10099983	1.02626097
5.11100006	1.02247822
5.12099981	1.01876235
5.13100004	1.01511240
5.14099979	1.01152706
5.15100002	1.00800538
5.16099977	1.00454628
5.17100000	1.00114858
5.18100023	0.997811139
5.19099998	0.994532883
5.20100021	0.991312683
5.21099997	0.988149345
5.22100019	0.985041797
5.23099995	0.981988788
5.24100018	0.978989303
5.25099993	0.976042151
5.26100016	0.973146200
5.27099991	0.970300317
5.28100014	0.967503428
5.29099989	0.964754403
5.30100012	0.962052226
5.31099987	0.959395707
5.32100010	0.956783831
5.33099985	0.954215586
5.34100008	0.951689899
5.35099983	0.949205756
5.36100006	0.946762145
5.37099981	0.944358110
5.38100004	0.941992640
5.39099979	0.939664841
5.40100002	0.937373817
5.41099977	0.935118496
5.42100000	0.932898164
5.43100023	0.930711925
5.44099998	0.928558826
5.45100021	0.926438153
5.46099997	0.924349070
5.47100019	0.922290742
5.48099995	0.920262516
5.49100018	0.918263555
5.50099993	0.916293204
5.51100016	0.914350748
5.52099991	0.912435472
5.53100014	0.910546839
5.54099989	0.908684134
5.55100012	0.906846762
5.56099987	0.905034125
5.57100010	0.903245747
5.58099985	0.901481032
5.59100008	0.899739444
5.60099983	0.898020506
5.61100006	0.896323740
5.62099981	0.894648731
5.63100004	0.892995000
5.64099979	0.891362190
5.65100002	0.889749825
5.66099977	0.888157666
5.67100000	0.886585295
5.68100023	0.885032356
5.69099998	0.883498609
5.70100021	0.881983757
5.71099997	0.880487502
5.72100019	0.879009545
5.73099995	0.877549767
5.74100018	0.876107931
5.75099993	0.874683797
5.76100016	0.873277247
5.77099991	0.871888041
5.78100014	0.870516121
5.79099989	0.869161308
5.80100012	0.867823541
5.81099987	0.866502702
5.82100010	0.865198731
5.83099985	0.863911569
5.84100008	0.862641096
5.85099983	0.861387432
5.86100006	0.860150397
5.87099981	0.858930051
5.88100004	0.857726455
5.89099979	0.856539547
5.90100002	0.855369449
5.91099977	0.854216099
5.92100000	0.853079617
5.93100023	0.851960063
5.94099998	0.850857496
5.95100021	0.849772036
5.96099997	0.848703742
5.97100019	0.847652733
5.98099995	0.846619129
5.99100018	0.845602989
6.00099993	0.844604552
6.01100016	0.843623817
6.02099991	0.842661023
6.03100014	0.841716290
6.04099989	0.840789735
6.05100012	0.839881480
6.06099987	0.838991761
6.07100010	0.838120759
6.08099985	0.837268472
6.09100008	0.836435258
6.10099983	0.835621178
6.11100006	0.834826350
6.12099981	0.834051073
6.13100004	0.833295405
6.14099979	0.832559526
6.15100002	0.831843615
6.16099977	0.831147909
6.17100000	0.830472410
6.18100023	0.829817414
6.19099998	0.829182982
6.20100021	0.828569293
6.21099997	0.827976525
6.22100019	0.827404737
6.23099995	0.826854169
6.24100018	0.826324880
6.25099993	0.825816989
6.26100016	0.825330615
6.27099991	0.824865937
6.28100014	0.824422956
6.29099989	0.824001789
6.30100012	0.823602557
6.31099987	0.823225319
6.32100010	0.822870135
6.33099985	0.822537124
6.34100008	0.822226226
6.35099983	0.821937501
6.36100006	0.821671069
6.37099981	0.821426868
6.38100004	0.821204960
6.39099979	0.821005344
6.40100002	0.820827901
6.41099977	0.820672750
6.42100000	0.820539773
6.43100023	0.820428967
6.44099998	0.820340276
6.45100021	0.820273578
6.46099997	0.820228875
6.47100019	0.820206046
6.48099995	0.820204973
6.49100018	0.820225596
6.50099993	0.820267737
6.51100016	0.820331335
6.52099991	0.820416152
6.53100014	0.820522189
6.54099989	0.820649147
6.55100012	0.820796907
6.56099987	0.820965290
6.57100010	0.821154177
6.58099985	0.821363270
6.59100008	0.821592391
6.60099983	0.821841359
6.61100006	0.822109938
6.62099981	0.822397888
6.63100004	0.822704971
6.64099979	0.823030949
6.65100002	0.823375583
6.66099977	0.823738635
6.67100000	0.824119806
6.68100023	0.824518859
6.69099998	0.824935555
6.70100021	0.825369537
6.71099997	0.825820506
6.72100019	0.826288342
6.73099995	0.826772571
6.74100018	0.827273011
6.75099993	0.827789366
6.76100016	0.828321338
6.77099991	0.828868568
6.78100014	0.829430819
6.79099989	0.830007792
6.80100012	0.830599189
6.81099987	0.831204653
6.82100010	0.831824005
6.83099985	0.832456827
6.84100008	0.833102942
6.85099983	0.833761930
6.86100006	0.834433556
6.87099981	0.835117579
6.88100004	0.835813701
6.89099979	0.836521566
6.90100002	0.837240934
6.91099977	0.837971509
6.92100000	0.838713109
6.93100023	0.839465320
6.94099998	0.840228021
6.95100021	0.841000855
6.96099997	0.841783643
6.97100019	0.842576087
6.98099995	0.843377948
6.99100018	0.844188988
7.00099993	0.845008969
7.01100016	0.845837712
7.02099991	0.846674919
7.03100014	0.847520471
7.04099989	0.848374128
7.05100012	0.849235594
7.06099987	0.850104868
7.07100010	0.850981593
7.08099985	0.851865649
7.09100008	0.852756858
7.10099983	0.853655100
7.11100006	0.854560137
7.12099981	0.855471909
7.13100004	0.856390178
7.14099979	0.857314825
7.15100002	0.858245790
7.16099977	0.859182894
7.17100000	0.860126019
7.18100023	0.861075103
7.19099998	0.862029970
7.20100021	0.862990558
7.21099997	0.863956809
7.22100019	0.864928603
7.23099995	0.865905821
7.24100018	0.866888523
7.25099993	0.867876470
7.26100016	0.868869781
7.27099991	0.869868279
7.28100014	0.870871961
7.29099989	0.871880829
7.30100012	0.872894764
7.31099987	0.873913825
7.32100010	0.874937892
7.33099985	0.875967026
7.34100008	0.877001226
7.35099983	0.878040373
7.36100006	0.879084587
7.37099981	0.880133748
7.38100004	0.881187975
7.39099979	0.882247210
7.40100002	0.883311450
7.41099977	0.884380817
7.42100000	0.885455191
7.43100023	0.886534631
7.44099998	0.887619197
7.45100021	0.888708889
7.46099997	0.889803767
7.47100019	0.890903831
7.48099995	0.892009079
7.49100018	0.893119633
7.50099993	0.894235432
7.51100016	0.895356596
7.52099991	0.896483123
7.53100014	0.897615016
7.54099989	0.898752391
7.55100012	0.899895191
7.56099987	0.901043534
7.57100010	0.902197421
7.58099985	0.903356910
7.59100008	0.904522002
7.60099983	0.905692697
7.61100006	0.906869113
7.62099981	0.908051252
7.63100004	0.909239113
7.64099979	0.910432756
7.65100002	0.911632180
7.66099977	0.912837386
7.67100000	0.914048493
7.68100023	0.915265381
7.69099998	0.916488111
7.70100021	0.917716742
7.71099997	0.918951213
7.72100019	0.920191586
7.73099995	0.921437740
7.74100018	0.922689795
7.75099993	0.923947692
7.76100016	0.925211370
7.77099991	0.926480889
7.78100014	0.927756131
7.79099989	0.929037154
7.80100012	0.930323780
7.81099987	0.931616127
7.82100010	0.932914019
7.83099985	0.934217393
7.84100008	0.935526311
7.85099983	0.936840594
7.86100006	0.938160181
7.87099981	0.939485073
7.88100004	0.940815032
7.89099979	0.942150056
7.90100002	0.943490028
7.91099977	0.944834828
7.92100000	0.946184397
7.93100023	0.947538495
7.94099998	0.948897064
7.95100021	0.950259984
7.96099997	0.951627076
7.97100019	0.952998221
7.98099995	0.954373181
7.99100018	0.955751896
8.00100040	0.957134128
8.01099968	0.958519697
8.02099991	0.959908485
8.03100014	0.961300254
8.04100037	0.962694764
8.05099964	0.964091897
8.06099987	0.965491414
8.07100010	0.966893077
8.08100033	0.968296647
8.09099960	0.969702005
8.10099983	0.971108794
8.11100006	0.972516835
8.12100029	0.973925948
8.13099957	0.975335777
8.14099979	0.976746082
8.15100002	0.978156686
8.16100025	0.979567349
8.17099953	0.980977714
8.18099976	0.982387543
8.19099998	0.983796597
8.20100021	0.985204637
8.21100044	0.986611307
8.22099972	0.988016427
8.23099995	0.989419639
8.24100018	0.990820706
8.25100040	0.992219329
8.26099968	0.993615270
8.27099991	0.995008230
8.28100014	0.996397972
8.29100037	0.997784138
8.30099964	0.999166489
8.31099987	1.00054479
8.32100010	1.00191867
8.33100033	1.00328791
8.34099960	1.00465226
8.35099983	1.00601137
8.36100006	1.00736511
8.37100029	1.00871313
8.38099957	1.01005518
8.39099979	1.01139104
8.40100002	1.01272035
8.41100025	1.01404297
8.42099953	1.01535857
8.43099976	1.01666701
8.44099998	1.01796794
8.45100021	1.01926124
8.46100044	1.02054667
8.47099972	1.02182388
8.48099995	1.02309287
8.49100018	1.02435315
8.50100040	1.02560484
8.51099968	1.02684748
8.52099991	1.02808094
8.53100014	1.02930522
8.54100037	1.03051984
8.55099964	1.03172493
8.56099987	1.03292000
8.57100010	1.03410518
8.58100033	1.03528023
8.59099960	1.03644502
8.60099983	1.03759921
8.61100006	1.03874302
8.62100029	1.03987598
8.63099957	1.04099822
8.64099979	1.04210949
8.65100002	1.04320979
8.66100025	1.04429901
8.67099953	1.04537690
8.68099976	1.04644358
8.69099998	1.04749882
8.70100021	1.04854274
8.71100044	1.04957497
8.72099972	1.05059576
8.73099995	1.05160475
8.74100018	1.05260217
8.75100040	1.05358791
8.76099968	1.05456185
8.77099991	1.05552387
8.78100014	1.05647421
8.79100037	1.05741262
8.80099964	1.05833924
8.81099987	1.05925393
8.82100010	1.06015682
8.83100033	1.06104767
8.84099960	1.06192672
8.85099983	1.06279385
8.86100006	1.06364906
8.87100029	1.06449234
8.88099957	1.06532383
8.89099979	1.06614351
8.90100002	1.06695127
8.91100025	1.06774724
8.92099953	1.06853139
8.93099976	1.06930375
8.94099998	1.07006443
8.95100021	1.07081330
8.96100044	1.07155049
8.97099972	1.07227612
8.98099995	1.07299006
8.99100018	1.07369232
9.00100040	1.07438314
9.01099968	1.07506239
9.02099991	1.07573009
9.03100014	1.07638633
9.04100037	1.07703114
9.05099964	1.07766449
9.06099987	1.07828653
9.07100010	1.07889724
9.08100033	1.07949662
9.09099960	1.08008480
9.10099983	1.08066165
9.11100006	1.08122730
9.12100029	1.08178174
9.13099957	1.08232510
9.14099979	1.08285725
9.15100002	1.08337831
9.16100025	1.08388829
9.17099953	1.08438718
9.18099976	1.08487499
9.19099998	1.08535171
9.20100021	1.08581758
9.21100044	1.08627224
9.22099972	1.08671606
9.23099995	1.08714879
9.24100018	1.08757067
9.25100040	1.08798146
9.26099968	1.08838129
9.27099991	1.08877015
9.28100014	1.08914804
9.29100037	1.08951497
9.30099964	1.08987105
9.31099987	1.09021604
9.32100010	1.09054995
9.33100033	1.09087300
9.34099960	1.09118497
9.35099983	1.09148598
9.36100006	1.09177589
9.37100029	1.09205472
9.38099957	1.09232259
9.39099979	1.09257925
9.40100002	1.09282494
9.41100025	1.09305930
9.42099953	1.09328270
9.43099976	1.09349477
9.44099998	1.09369576
9.45100021	1.09388542
9.46100044	1.09406388
9.47099972	1.09423101
9.48099995	1.09438682
9.49100018	1.09453130
9.50100040	1.09466434
9.51099968	1.09478605
9.52099991	1.09489644
9.53100014	1.09499526
9.54100037	1.09508252
9.55099964	1.09515834
9.56099987	1.09522271
9.57100010	1.09527540
9.58100033	1.09531653
9.59099960	1.09534609
9.60099983	1.09536397
9.61100006	1.09537017
9.62100029	1.09536469
9.63099957	1.09534752
9.64099979	1.09531868
9.65100002	1.09527814
9.66100025	1.09522581
9.67099953	1.09516180
9.68099976	1.09508598
9.69099998	1.09499836
9.70100021	1.09489906
9.71100044	1.09478796
9.72099972	1.09466505
9.73099995	1.09453046
9.74100018	1.09438419
9.75100040	1.09422612
9.76099968	1.09405637
9.77099991	1.09387493
9.78100014	1.09368181
9.79100037	1.09347701
9.80099964	1.09326077
9.81099987	1.09303284
9.82100010	1.09279346
9.83100033	1.09254253
9.84099960	1.09228015
9.85099983	1.09200644
9.86100006	1.09172142
9.87100029	1.09142518
9.88099957	1.09111762
9.89099979	1.09079909
9.90100002	1.09046936
9.91100025	1.09012878
9.92099953	1.08977723
9.93099976	1.08941483
9.94099998	1.08904183
9.95100021	1.08865809
9.96100044	1.08826387
9.97099972	1.08785927
9.98099995	1.08744431
9.99100018	1.08701921
10.0010004	1.08658397
10.0109997	1.08613884
10.0209999	1.08568382
10.0310001	1.08521914
10.0410004	1.08474481
10.0509996	1.08426106
10.0609999	1.08376789
10.0710001	1.08326566
10.0810003	1.08275437
10.0909996	1.08223426
10.1009998	1.08170533
10.1110001	1.08116782
10.1210003	1.08062196
10.1309996	1.08006775
10.1409998	1.07950556
10.1510000	1.07893527
10.1610003	1.07835722
10.1709995	1.07777166
10.1809998	1.07717860
10.1910000	1.07657814
10.2010002	1.07597065
10.2110004	1.07535625
10.2209997	1.07473505
10.2309999	1.07410717
10.2410002	1.07347298
10.2510004	1.07283247
10.2609997	1.07218599
10.2709999	1.07153344
10.2810001	1.07087529
10.2910004	1.07021153
10.3009996	1.06954241
10.3109999	1.06886804
10.3210001	1.06818867
10.3310003	1.06750441
10.3409996	1.06681550
10.3509998	1.06612194
10.3610001	1.06542420
10.3710003	1.06472218
10.3809996	1.06401610
10.3909998	1.06330621
10.4010000	1.06259263
10.4110003	1.06187558
10.4209995	1.06115508
10.4309998	1.06043136
10.4410000	1.05970454
10.4510002	1.05897486
10.4610004	1.05824244
10.4709997	1.05750740
10.4809999	1.05676985
10.4910002	1.05603004
10.5010004	1.05528796
10.5109997	1.05454385
10.5209999	1.05379784
10.5310001	1.05305016
10.5410004	1.05230069
10.5509996	1.05154979
10.5609999	1.05079746
10.5710001	1.05004382
10.5810003	1.04928911
10.5909996	1.04853332
10.6009998	1.04777658
10.6110001	1.04701900
10.6210003	1.04626071
10.6309996	1.04550183
10.6409998	1.04474247
10.6510000	1.04398274
10.6610003	1.04322255
10.6709995	1.04246223
10.6809998	1.04170179
10.6910000	1.04094136
10.7010002	1.04018092
10.7110004	1.03942060
10.7209997	1.03866041
10.7309999	1.03790057
10.7410002	1.03714108
10.7510004	1.03638208
10.7609997	1.03562355
10.7709999	1.03486550
10.7810001	1.03410816
10.7910004	1.03335154
10.8009996	1.03259563
10.8109999	1.03184044
10.8210001	1.03108621
10.8310003	1.03033292
10.8409996	1.02958059
10.8509998	1.02882934
10.8610001	1.02807903
10.8710003	1.02732992
10.8809996	1.02658200
10.8909998	1.02583528
10.9010000	1.02508986
10.9110003	1.02434564
10.9209995	1.02360284
10.9309998	1.02286148
10.9410000	1.02212143
10.9510002	1.02138293
10.9610004	1.02064586
10.9709997	1.01991034
10.9809999	1.01917636
10.9910002	1.01844394
11.0010004	1.01771319
11.0109997	1.01698422
11.0209999	1.01625681
11.0310001	1.01553118
11.0410004	1.01480734
11.0509996	1.01408529
11.0609999	1.01336503
11.0710001	1.01264668
11.0810003	1.01193023
11.0909996	1.01121569
11.1009998	1.01050305
11.1110001	1.00979245
11.1210003	1.00908387
11.1309996	1.00837743
11.1409998	1.00767291
11.1510000	1.00697064
11.1610003	1.00627041
11.1709995	1.00557244
11.1809998	1.00487661
11.1910000	1.00418305
11.2010002	1.00349188
11.2110004	1.00280297
11.2209997	1.00211632
11.2309999	1.00143218
11.2410002	1.00075042
11.2510004	1.00007117
11.2609997	0.999394476
11.2709999	0.998720229
11.2810001	0.998048663
11.2910004	0.997379661
11.3009996	0.996713340
11.3109999	0.996049762
11.3210001	0.995388925
11.3310003	0.994730890
11.3409996	0.994075656
11.3509998	0.993423402
11.3610001	0.992774010
11.3710003	0.992127657
11.3809996	0.991484284
11.3909998	0.990844071
11.4010000	0.990206957
11.4110003	0.989573002
11.4209995	0.988942266
11.4309998	0.988314867
11.4410000	0.987690747
11.4510002	0.987070084
11.4610004	0.986452818
11.4709997	0.985839069
11.4809999	0.985228837
11.4910002	0.984622240
11.5010004	0.984019279
11.5109997	0.983420014
11.5209999	0.982824564
11.5310001	0.982232928
11.5410004	0.981645167
11.5509996	0.981061339
11.5609999	0.980481565
11.5710001	0.979905784
11.5810003	0.979334116
11.5909996	0.978766620
11.6009998	0.978203356
11.6110001	0.977644324
11.6210003	0.977089703
11.6309996	0.976539433
11.6409998	0.975993574
11.6510000	0.975452304
11.6610003	0.974915504
11.6709995	0.974383354
11.6809998	0.973855913
11.6910000	0.973333120
11.7010002	0.972815156
11.7110004	0.972302020
11.7209997	0.971793711
11.7309999	0.971290410
11.7410002	0.970792055
11.7510004	0.970298707
11.7609997	0.969810426
11.7709999	0.969327331
11.7810001	0.968849361
11.7910004	0.968376577
11.8009996	0.967909098
11.8109999	0.967446923
11.8210001	0.966990113
11.8310003	0.966538668
11.8409996	0.966092646
11.8509998	0.965652108
11.8610001	0.965217054
11.8710003	0.964787543
11.8809996	0.964363635
11.8909998	0.963945270
11.9010000	0.963532627
11.9110003	0.963125587
11.9209995	0.962724209
11.9309998	0.962328613
11.9410000	0.961938739
11.9510002	0.961554646
11.9610004	0.961176336
11.9709997	0.960803807
11.9809999	0.960437119
11.9910002	0.960076332
12.0010004	0.959721327
12.0109997	0.959372222
12.0209999	0.959029078
12.0310001	0.958691776
12.0410004	0.958360374
12.0509996	0.958034873
12.0609999	0.957715333
12.0710001	0.957401693
12.0810003	0.957094014
12.0909996	0.956792235
12.1009998	0.956496358
12.1110001	0.956206441
12.1210003	0.955922484
12.1309996	0.955644429
12.1409998	0.955372274
12.1510000	0.955106020
12.1610003	0.954845667
12.1709995	0.954591215
12.1809998	0.954342663
12.1910000	0.954099953
12.2010002	0.953863084
12.2110004	0.953632057
12.2209997	0.953406870
12.2309999	0.953187466
12.2410002	0.952973843
12.2510004	0.952766001
12.2609997	0.952563882
12.2709999	0.952367485
12.2810001	0.952176809
12.2910004	0.951991796
12.3009996	0.951812446
12.3109999	0.951638758
12.3210001	0.951470613
12.3310003	0.951308072
12.3409996	0.951151073
12.3509998	0.950999618
12.3610001	0.950853646
12.3710003	0.950713158
12.3809996	0.950578153
12.3909998	0.950448513
12.4010000	0.950324237
12.4110003	0.950205326
12.4209995	0.950091720
12.4309998	0.949983418
12.4410000	0.949880421
12.4510002	0.949782610
12.4610004	0.949690044
12.4709997	0.949602604
12.4809999	0.949520290
12.4910002	0.949443102
12.5010004	0.949371040
12.5109997	0.949303985
12.5209999	0.949241936
12.5310001	0.949184895
12.5410004	0.949132800
12.5509996	0.949085653
12.5609999	0.949043393
12.5710001	0.949005961
12.5810003	0.948973417
12.5909996	0.948945701
12.6009998	0.948922753
12.6110001	0.948904514
12.6210003	0.948891044
12.6309996	0.948882282
12.6409998	0.948878169
12.6510000	0.948878765
12.6610003	0.948883891
12.6709995	0.948893666
12.6809998	0.948908031
12.6910000	0.948926926
12.7010002	0.948950350
12.7110004	0.948978245
12.7209997	0.949010670
12.7309999	0.949047565
12.7410002	0.949088812
12.7510004	0.949134529
12.7609997	0.949184656
12.7709999	0.949239135
12.7810001	0.949298024
12.7910004	0.949361205
12.8009996	0.949428678
12.8109999	0.949500501
12.8210001	0.949576616
12.8310003	0.949656963
12.8409996	0.949741602
12.8509998	0.949830472
12.8610001	0.949923515
12.8710003	0.950020850
12.8809996	0.950122297
12.8909998	0.950227976
12.9010000	0.950337827
12.9110003	0.950451791
12.9209995	0.950569928
12.9309998	0.950692177
12.9410000	0.950818598
12.9510002	0.950949073
12.9610004	0.951083660
12.9709997	0.951222301
12.9809999	0.951365054
12.9910002	0.951511860
13.0010004	0.951662719
13.0109997	0.951817632
13.0209999	0.951976538
13.0310001	0.952139497
13.0410004	0.952306509
13.0509996	0.952477455
13.0609999	0.952652454
13.0710001	0.952831388
13.0810003	0.953014314
13.0909996	0.953201234
13.1009998	0.953392029
13.1110001	0.953586817
13.1210003	0.953785539
13.1309996	0.953988194
13.1409998	0.954194784
13.1510000	0.954405248
13.1610003	0.954619586
13.1709995	0.954837799
13.1809998	0.955059886
13.1910000	0.955285788
13.2010002	0.955515623
13.2110004	0.955749214
13.2209997	0.955986619
13.2309999	0.956227839
13.2410002	0.956472814
13.2510004	0.956721544
13.2609997	0.956974089
13.2709999	0.957230330
13.2810001	0.957490265
13.2910004	0.957753956
13.3009996	0.958021283
13.3109999	0.958292246
13.3210001	0.958566904
13.3310003	0.958845139
13.3409996	0.959126949
13.3509998	0.959412396
13.3610001	0.959701300
13.3710003	0.959993839
13.3809996	0.960289776
13.3909998	0.960589230
13.4010000	0.960892141
13.4110003	0.961198449
13.4209995	0.961508155
13.4309998	0.961821258
13.4410000	0.962137640
13.4510002	0.962457299
13.4610004	0.962780297
13.4709997	0.963106453
13.4809999	0.963435829
13.4910002	0.963768363
13.5010004	0.964104056
13.5109997	0.964442790
13.5209999	0.964784622
13.5310001	0.965129435
13.5410004	0.965477228
13.5509996	0.965827942
13.5609999	0.966181576
13.5710001	0.966538012
13.5810003	0.966897309
13.5909996	0.967259288
13.6009998	0.967624068
13.6110001	0.967991471
13.6210003	0.968361497
13.6309996	0.968734086
13.6409998	0.969109237
13.6510000	0.969486833
13.6610003	0.969866931
13.6709995	0.970249355
13.6809998	0.970634103
13.6910000	0.971021116
13.7010002	0.971410394
13.7110004	0.971801817
13.7209997	0.972195387
13.7309999	0.972591043
13.7410002	0.972988665
13.7510004	0.973388314
13.7609997	0.973789811
13.7709999	0.974193156
13.7810001	0.974598348
13.7910004	0.975005269
13.8009996	0.975413799
13.8109999	0.975824058
13.8210001	0.976235807
13.8310003	0.976649165
13.8409996	0.977063894
13.8509998	0.977480054
13.8610001	0.977897584
13.8710003	0.978316367
13.8809996	0.978736401
13.8909998	0.979157627
13.9010000	0.979579926
13.9110003	0.980003357
13.9209995	0.980427742
13.9309998	0.980853081
13.9410000	0.981279314
13.9510002	0.981706381
13.9610004	0.982134283
13.9709997	0.982562840
13.9809999	0.982992113
13.9910002	0.983421981
14.0010004	0.983852446
14.0109997	0.984283388
14.0209999	0.984714746
14.0310001	0.985146582
14.0410004	0.985578716
14.0509996	0.986011207
14.0609999	0.986443877
14.0710001	0.986876786
14.0810003	0.987309813
14.0909996	0.987742960
14.1009998	0.988176167
14.1110001	0.988609314
14.1210003	0.989042461
14.1309996	0.989475489
14.1409998	0.989908338
14.1510000	0.990341067
14.1610003	0.990773499
14.1709995	0.991205633
14.1809998	0.991637468
14.1910000	0.992068946
14.2010002	0.992500007
14.2110004	0.992930532
14.2209997	0.993360639
14.2309999	0.993790150
14.2410002	0.994219124
14.2510004	0.994647443
14.2609997	0.995075107
14.2709999	0.995502114
14.2810001	0.995928288
14.2910004	0.996353745
14.3009996	0.996778369
14.3109999	0.997202158
14.3210001	0.997625053
14.3310003	0.998046994
14.3409996	0.998468041
14.3509998	0.998888016
14.3610001	0.999307036
14.3710003	0.999724984
14.3809996	1.00014174
14.3909998	1.00055754
14.4010000	1.00097203
14.4110003	1.00138545
14.4209995	1.00179756
14.4309998	1.00220847
14.4410000	1.00261819
14.4510002	1.00302649
14.4610004	1.00343347
14.4709997	1.00383902
14.4809999	1.00424325
14.4910002	1.00464606
14.5010004	1.00504744
14.5109997	1.00544727
14.5209999	1.00584567
14.5310001	1.00624251
14.5410004	1.00663781
14.5509996	1.00703144
14.5609999	1.00742352
14.5710001	1.00781393
14.5810003	1.00820279
14.5909996	1.00858986
14.6009998	1.00897515
14.6110001	1.00935876
14.6210003	1.00974059
14.6309996	1.01012063
14.6409998	1.01049876
14.6510000	1.01087523
14.6610003	1.01124966
14.6709995	1.01162219
14.6809998	1.01199281
14.6910000	1.01236153
14.7010002	1.01272821
14.7110004	1.01309299
14.7209997	1.01345563
14.7309999	1.01381624
14.7410002	1.01417470
14.7510004	1.01453114
14.7609997	1.01488531
14.7709999	1.01523745
14.7810001	1.01558733
14.7910004	1.01593494
14.8009996	1.01628029
14.8109999	1.01662350
14.8210001	1.01696432
14.8310003	1.01730275
14.8409996	1.01763880
14.8509998	1.01797247
14.8610001	1.01830375
14.8710003	1.01863265
14.8809996	1.01895893
14.8909998	1.01928270
14.9010000	1.01960409
14.9110003	1.01992273
14.9209995	1.02023888
14.9309998	1.02055228
14.9410000	1.02086306
14.9510002	1.02117121
14.9610004	1.02147651
14.9709997	1.02177918
14.9809999	1.02207899
14.9910002	1.02237606
15.0010004	1.02267015
15.0109997	1.02296150
15.0209999	1.02324986
15.0310001	1.02353525
15.0410004	1.02381766
15.0509996	1.02409708
15.0609999	1.02437353
15.0710001	1.02464688
15.0810003	1.02491713
15.0909996	1.02518415
15.1009998	1.02544808
15.1110001	1.02570879
15.1210003	1.02596641
15.1309996	1.02622056
15.1409998	1.02647161
15.1510000	1.02671921
15.1610003	1.02696347
15.1709995	1.02720439
15.1809998	1.02744198
15.1910000	1.02767599
15.2010002	1.02790666
15.2110004	1.02813375
15.2209997	1.02835739
15.2309999	1.02857745
15.2410002	1.02879381
15.2510004	1.02900672
15.2609997	1.02921593
15.2709999	1.02942145
15.2810001	1.02962339
15.2910004	1.02982152
15.3009996	1.03001606
15.3109999	1.03020668
15.3210001	1.03039360
15.3310003	1.03057671
15.3409996	1.03075600
15.3509998	1.03093147
15.3610001	1.03110301
15.3710003	1.03127062
15.3809996	1.03143442
15.3909998	1.03159428
15.4010000	1.03175020
15.4110003	1.03190219
15.4209995	1.03205013
15.4309998	1.03219414
15.4410000	1.03233421
15.4510002	1.03247011
15.4610004	1.03260207
15.4709997	1.03272998
15.4809999	1.03285384
15.4910002	1.03297365
15.5010004	1.03308940
15.5109997	1.03320110
15.5209999	1.03330863
15.5310001	1.03341222
15.5410004	1.03351152
15.5509996	1.03360689
15.5609999	1.03369808
15.5710001	1.03378522
15.5810003	1.03386819
15.5909996	1.03394711
15.6009998	1.03402185
15.6110001	1.03409255
15.6210003	1.03415918
15.6309996	1.03422165
15.6409998	1.03428006
15.6510000	1.03433430
15.6610003	1.03438461
15.6709995	1.03443074
15.6809998	1.03447282
15.6910000	1.03451085
15.7010002	1.03454494
15.7110004	1.03457487
15.7209997	1.03460085
15.7309999	1.03462279
15.7410002	1.03464067
15.7510004	1.03465462
15.7609997	1.03466463
15.7709999	1.03467059
15.7810001	1.03467274
15.7910004	1.03467083
15.8009996	1.03466511
15.8109999	1.03465545
15.8210001	1.03464198
15.8310003	1.03462470
15.8409996	1.03460348
15.8509998	1.03457844
15.8610001	1.03454971
15.8710003	1.03451717
15.8809996	1.03448093
15.8909998	1.03444099
15.9010000	1.03439724
15.9110003	1.03434992
15.9209995	1.03429890
15.9309998	1.03424430
15.9410000	1.03418601
15.9510002	1.03412426
15.9610004	1.03405893
15.9709997	1.03399003
15.9809999	1.03391767
15.9910002	1.03384185
16.0009995	1.03376257
16.0109997	1.03367996
16.0209999	1.03359389
16.0310001	1.03350437
16.0410004	1.03341162
16.0510006	1.03331554
16.0610008	1.03321624
16.0709991	1.03311360
16.0809994	1.03300786
16.0909996	1.03289878
16.1009998	1.03278661
16.1110001	1.03267133
16.1210003	1.03255296
16.1310005	1.03243136
16.1410007	1.03230679
16.1509991	1.03217924
16.1609993	1.03204870
16.1709995	1.03191519
16.1809998	1.03177869
16.1910000	1.03163922
16.2010002	1.03149700
16.2110004	1.03135180
16.2210007	1.03120387
16.2310009	1.03105319
16.2409992	1.03089964
16.2509995	1.03074336
16.2609997	1.03058434
16.2709999	1.03042257
16.2810001	1.03025830
16.2910004	1.03009129
16.3010006	1.02992165
16.3110008	1.02974939
16.3209991	1.02957475
16.3309994	1.02939737
16.3409996	1.02921760
16.3509998	1.02903533
16.3610001	1.02885067
16.3710003	1.02866352
16.3810005	1.02847397
16.3910007	1.02828205
16.4009991	1.02808774
16.4109993	1.02789116
16.4209995	1.02769220
16.4309998	1.02749109
16.4410000	1.02728760
16.4510002	1.02708197
16.4610004	1.02687418
16.4710007	1.02666414
16.4810009	1.02645195
16.4909992	1.02623761
16.5009995	1.02602124
16.5109997	1.02580273
16.5209999	1.02558219
16.5310001	1.02535963
16.5410004	1.02513504
16.5510006	1.02490842
16.5610008	1.02467990
16.5709991	1.02444947
16.5809994	1.02421713
16.5909996	1.02398288
16.6009998	1.02374685
16.6110001	1.02350891
16.6210003	1.02326918
16.6310005	1.02302766
16.6410007	1.02278435
16.6509991	1.02253938
16.6609993	1.02229261
16.6709995	1.02204418
16.6809998	1.02179420
16.6910000	1.02154243
16.7010002	1.02128911
16.7110004	1.02103424
16.7210007	1.02077782
16.7310009	1.02051985
16.7409992	1.02026033
16.7509995	1.01999938
16.7609997	1.01973701
16.7709999	1.01947320
16.7810001	1.01920795
16.7910004	1.01894128
16.8010006	1.01867330
16.8110008	1.01840413
16.8209991	1.01813352
16.8309994	1.01786172
16.8409996	1.01758873
16.8509998	1.01731443
16.8610001	1.01703906
16.8710003	1.01676250
16.8810005	1.01648486
16.8910007	1.01620603
16.9009991	1.01592624
16.9109993	1.01564538
16.9209995	1.01536357
16.9309998	1.01508081
16.9410000	1.01479709
16.9510002	1.01451242
16.9610004	1.01422691
16.9710007	1.01394057
16.9810009	1.01365352
16.9909992	1.01336551
17.0009995	1.01307690
17.0109997	1.01278758
17.0209999	1.01249754
17.0310001	1.01220679
17.0410004	1.01191556
17.0510006	1.01162374
17.0610008	1.01133132
17.0709991	1.01103842
17.0809994	1.01074505
17.0909996	1.01045120
17.1009998	1.01015699
17.1110001	1.00986242
17.1210003	1.00956762
17.1310005	1.00927234
17.1410007	1.00897694
17.1509991	1.00868118
17.1609993	1.00838530
17.1709995	1.00808930
17.1809998	1.00779307
17.1910000	1.00749683
17.2010002	1.00720060
17.2110004	1.00690424
17.2210007	1.00660801
17.2310009	1.00631177
17.2409992	1.00601566
17.2509995	1.00571954
17.2609997	1.00542378
17.2709999	1.00512815
17.2810001	1.00483274
17.2910004	1.00453758
17.3010006	1.00424278
17.3110008	1.00394833
17.3209991	1.00365412
17.3309994	1.00336051
17.3409996	1.00306726
17.3509998	1.00277448
17.3610001	1.00248218
17.3710003	1.00219047
17.3810005	1.00189936
17.3910007	1.00160885
17.4009991	1.00131905
17.4109993	1.00102985
17.4209995	1.00074136
17.4309998	1.00045371
17.4410000	1.00016677
17.4510002	0.999880672
17.4610004	0.999595404
17.4710007	0.999311030
17.4810009	0.999027491
17.4909992	0.998744965
17.5009995	0.998463392
17.5109997	0.998182774
17.5209999	0.997903228
17.5310001	0.997624755
17.5410004	0.997347295
17.5510006	0.997071028
17.5610008	0.996795833
17.5709991	0.996521831
17.5809994	0.996249020
17.5909996	0.995977461
17.6009998	0.995707095
17.6110001	0.995438039
17.6210003	0.995170236
17.6310005	0.994903803
17.6410007	0.994638681
17.6509991	0.994374990
17.6609993	0.994112611
17.6709995	0.993851662
17.6809998	0.993592203
17.6910000	0.993334174
17.7010002	0.993077636
17.7110004	0.992822528
17.7210007	0.992569029
17.7310009	0.992317021
17.7409992	0.992066622
17.7509995	0.991817772
17.7609997	0.991570532
17.7709999	0.991324902
17.7810001	0.991080880
17.7910004	0.990838528
17.8010006	0.990597844
17.8110008	0.990358829
17.8209991	0.990121543
17.8309994	0.989885986
17.8409996	0.989652157
17.8509998	0.989420056
17.8610001	0.989189684
17.8710003	0.988961160
17.8810005	0.988734365
17.8910007	0.988509417
17.9009991	0.988286257
17.9109993	0.988064885
17.9209995	0.987845421
17.9309998	0.987627745
17.9410000	0.987411976
17.9510002	0.987198055
17.9610004	0.986986041
17.9710007	0.986775935
17.9810009	0.986567676
17.9909992	0.986361384
18.0009995	0.986157000
18.0109997	0.985954523
18.0209999	0.985754073
18.0310001	0.985555470
18.0410004	0.985358894
18.0510006	0.985164285
18.0610008	0.984971642
18.0709991	0.984780967
18.0809994	0.984592319
18.0909996	0.984405637
18.1009998	0.984220982
18.1110001	0.984038353
18.1210003	0.983857751
18.1310005	0.983679175
18.1410007	0.983502626
18.1509991	0.983328164
18.1609993	0.983155727
18.1709995	0.982985318
18.1809998	0.982817054
18.1910000	0.982650816
18.2010002	0.982486606
18.2110004	0.982324541
18.2210007	0.982164562
18.2310009	0.982006669
18.2409992	0.981850922
18.2509995	0.981697261
18.2609997	0.981545687
18.2709999	0.981396258
18.2810001	0.981248975
18.2910004	0.981103778
18.3010006	0.980960786
18.3110008	0.980819881
18.3209991	0.980681121
18.3309994	0.980544567
18.3409996	0.980410159
18.3509998	0.980277956
18.3610001	0.980147898
18.3710003	0.980019987
18.3810005	0.979894280
18.3910007	0.979770780
18.4009991	0.979649484
18.4109993	0.979530394
18.4209995	0.979413509
18.4309998	0.979298830
18.4410000	0.979186356
18.4510002	0.979076147
18.4610004	0.978968143
18.4710007	0.978862405
18.4810009	0.978758872
18.4909992	0.978657603
18.5009995	0.978558600
18.5109997	0.978461862
18.5209999	0.978367388
18.5310001	0.978275120
18.5410004	0.978185236
18.5510006	0.978097558
18.5610008	0.978012204
18.5709991	0.977929115
18.5809994	0.977848351
18.5909996	0.977769852
18.6009998	0.977693677
18.6110001	0.977619827
18.6210003	0.977548301
18.6310005	0.977479100
18.6410007	0.977412164
18.6509991	0.977347612
18.6609993	0.977285385
18.6709995	0.977225482
18.6809998	0.977167964
18.6910000	0.977112770
18.7010002	0.977059901
18.7110004	0.977009416
18.7210007	0.976961255
18.7310009	0.976915479
18.7409992	0.976872087
18.7509995	0.976831079
18.7609997	0.976792395
18.7709999	0.976756096
18.7810001	0.976722121
18.7910004	0.976690590
18.8010006	0.976661384
18.8110008	0.976634622
18.8209991	0.976610184
18.8309994	0.976588190
18.8409996	0.976568520
18.8509998	0.976551235
18.8610001	0.976536334
18.8710003	0.976523876
18.8810005	0.976513743
18.8910007	0.976505995
18.9009991	0.976500630
18.9109993	0.976497650
18.9209995	0.976497054
18.9309998	0.976498842
18.9410000	0.976503015
18.9510002	0.976509511
18.9610004	0.976518393
18.9710007	0.976529658
18.9810009	0.976543248
18.9909992	0.976559222
19.0009995	0.976577580
19.0109997	0.976598263
19.0209999	0.976621270
19.0310001	0.976646662
19.0410004	0.976674318
19.0510006	0.976704359
19.0610008	0.976736724
19.0709991	0.976771355
19.0809994	0.976808310
19.0909996	0.976847589
19.1009998	0.976889133
19.1110001	0.976932943
19.1210003	0.976979077
19.1310005	0.977027476
19.1410007	0.977078080
19.1509991	0.977131009
19.1609993	0.977186084
19.1709995	0.977243483
19.1809998	0.977303028
19.1910000	0.977364779
19.2010002	0.977428734
19.2110004	0.977494895
19.2210007	0.977563202
19.2310009	0.977633715
19.2409992	0.977706313
19.2509995	0.977781117
19.2609997	0.977857947
19.2709999	0.977936983
19.2810001	0.978018045
19.2910004	0.978101194
19.3010006	0.978186429
19.3110008	0.978273690
19.3209991	0.978363037
19.3309994	0.978454351
19.3409996	0.978547692
19.3509998	0.978643000
19.3610001	0.978740335
19.3710003	0.978839576
19.3810005	0.978940785
19.3910007	0.979043901
19.4009991	0.979148924
19.4109993	0.979255855
19.4209995	0.979364634
19.4309998	0.979475319
19.4410000	0.979587793
19.4510002	0.979702115
19.4610004	0.979818285
19.4710007	0.979936182
19.4810009	0.980055869
19.4909992	0.980177283
19.5009995	0.980300486
19.5109997	0.980425358
19.5209999	0.980551958
19.5310001	0.980680168
19.5410004	0.980810106
19.5510006	0.980941653
19.5610008	0.981074870
19.5709991	0.981209636
19.5809994	0.981346011
19.5909996	0.981483996
19.6009998	0.981623471
19.6110001	0.981764495
19.6210003	0.981907010
19.6310005	0.982051075
19.6410007	0.982196569
19.6509991	0.982343495
19.6609993	0.982491910
19.6709995	0.982641697
19.6809998	0.982792914
19.6910000	0.982945502
19.7010002	0.983099461
19.7110004	0.983254731
19.7210007	0.983411312
19.7310009	0.983569264
19.7409992	0.983728468
19.7509995	0.983888924
19.7609997	0.984050632
19.7709999	0.984213591
19.7810001	0.984377742
19.7910004	0.984543085
19.8010006	0.984709620
19.8110008	0.984877288
19.8209991	0.985046089
19.8309994	0.985216081
19.8409996	0.985387087
19.8509998	0.985559225
19.8610001	0.985732436
19.8710003	0.985906661
19.8810005	0.986081958
19.8910007	0.986258268
19.9009991	0.986435533
19.9109993	0.986613810
19.9209995	0.986793041
19.9309998	0.986973166
19.9410000	0.987154305
19.9510002	0.987336278
19.9610004	0.987519205
19.9710007	0.987702966
19.9810009	0.987887561
19.9909992	0.988073051
20.0009995	0.988259315
20.0109997	0.988446414
20.0209999	0.988634288
20.0310001	0.988822937
20.0410004	0.989012361
20.0510006	0.989202499
20.0610008	0.989393353
20.0709991	0.989584923
20.0809994	0.989777207
20.0909996	0.989970148
20.1009998	0.990163684
20.1110001	0.990357935
20.1210003	0.990552723
20.1310005	0.990748167
20.1410007	0.990944207
20.1509991	0.991140783
20.1609993	0.991337895
20.1709995	0.991535604
20.1809998	0.991733789
20.1910000	0.991932452
20.2010002	0.992131591
20.2110004	0.992331266
20.2210007	0.992531300
20.2310009	0.992731810
20.2409992	0.992932737
20.2509995	0.993134081
20.2609997	0.993335724
20.2709999	0.993537784
20.2810001	0.993740201
20.2910004	0.993942916
20.3010006	0.994145930
20.3110008	0.994349241
20.3209991	0.994552851
20.3309994	0.994756699
20.3409996	0.994960725
20.3509998	0.995165050
20.3610001	0.995369494
20.3710003	0.995574176
20.3810005	0.995778978
20.3910007	0.995983958
20.4009991	0.996189058
20.4109993	0.996394217
20.4209995	0.996599495
20.4309998	0.996804833
20.4410000	0.997010231
20.4510002	0.997215629
20.4610004	0.997421026
20.4710007	0.997626424
20.4810009	0.997831821
20.4909992	0.998037159
20.5009995	0.998242378
20.5109997	0.998447537
20.5209999	0.998652577
20.5310001	0.998857439
20.5410004	0.999062181
20.5510006	0.999266803
20.5610008	0.999471128
20.5709991	0.999675333
20.5809994	0.999879241
20.5909996	1.00008285
20.6009998	1.00028634
20.6110001	1.00048935
20.6210003	1.00069213
20.6310005	1.00089455
20.6410007	1.00109661
20.6509991	1.00129831
20.6609993	1.00149953
20.6709995	1.00170040
20.6809998	1.00190079
20.6910000	1.00210071
20.7010002	1.00230014
20.7110004	1.00249898
20.7210007	1.00269735
20.7310009	1.00289512
20.7409992	1.00309241
20.7509995	1.00328898
20.7609997	1.00348508
20.7709999	1.00368035
20.7810001	1.00387514
20.7910004	1.00406909
20.8010006	1.00426233
20.8110008	1.00445497
20.8209991	1.00464678
20.8309994	1.00483775
20.8409996	1.00502801
20.8509998	1.00521743
20.8610001	1.00540602
20.8710003	1.00559378
20.8810005	1.00578058
20.8910007	1.00596654
20.9009991	1.00615156
20.9109993	1.00633562
20.9209995	1.00651872
20.9309998	1.00670087
20.9410000	1.00688207
20.9510002	1.00706208
20.9610004	1.00724125
20.9710007	1.00741923
20.9810009	1.00759614
20.9909992	1.00777197
21.0009995	1.00794661
21.0109997	1.00812018
21.0209999	1.00829256
21.0310001	1.00846386
21.0410004	1.00863385
21.0510006	1.00880265
21.0610008	1.00897026
21.0709991	1.00913656
21.0809994	1.00930166
21.0909996	1.00946546
21.1009998	1.00962794
21.1110001	1.00978911
21.1210003	1.00994897
21.1310005	1.01010740
21.1410007	1.01026452
21.1509991	1.01042032
21.1609993	1.01057458
21.1709995	1.01072752
21.1809998	1.01087904
21.1910000	1.01102912
21.2010002	1.01117778
21.2110004	1.01132500
21.2210007	1.01147068
21.2310009	1.01161480
21.2409992	1.01175749
21.2509995	1.01189864
21.2609997	1.01203823
21.2709999	1.01217639
21.2810001	1.01231289
21.2910004	1.01244783
21.3010006	1.01258123
21.3110008	1.01271307
21.3209991	1.01284325
21.3309994	1.01297188
21.3409996	1.01309884
21.3509998	1.01322412
21.3610001	1.01334786
21.3710003	1.01346993
21.3810005	1.01359034
21.3910007	1.01370907
21.4009991	1.01382613
21.4109993	1.01394153
21.4209995	1.01405525
21.4309998	1.01416719
21.4410000	1.01427758
21.4510002	1.01438618
21.4610004	1.01449299
21.4710007	1.01459813
21.4810009	1.01470160
21.4909992	1.01480329
21.5009995	1.01490319
21.5109997	1.01500142
21.5209999	1.01509786
21.5310001	1.01519263
21.5410004	1.01528561
21.5510006	1.01537669
21.5610008	1.01546609
21.5709991	1.01555383
21.5809994	1.01563966
21.5909996	1.01572371
21.6009998	1.01580608
21.6110001	1.01588655
21.6210003	1.01596522
21.6310005	1.01604223
21.6410007	1.01611733
21.6509991	1.01619065
21.6609993	1.01626217
21.6709995	1.01633191
21.6809998	1.01639986
21.6910000	1.01646590
21.7010002	1.01653028
21.7110004	1.01659274
21.7210007	1.01665342
21.7310009	1.01671231
21.7409992	1.01676941
21.7509995	1.01682460
21.7609997	1.01687801
21.7709999	1.01692963
21.7810001	1.01697946
21.7910004	1.01702738
21.8010006	1.01707351
21.8110008	1.01711786
21.8209991	1.01716042
21.8309994	1.01720107
21.8409996	1.01723993
21.8509998	1.01727700
21.8610001	1.01731217
21.8710003	1.01734555
21.8810005	1.01737714
21.8910007	1.01740694
21.9009991	1.01743495
21.9109993	1.01746106
21.9209995	1.01748538
21.9309998	1.01750779
21.9410000	1.01752853
21.9510002	1.01754737
21.9610004	1.01756442
21.9710007	1.01757967
21.9810009	1.01759315
21.9909992	1.01760471
22.0009995	1.01761448
22.0109997	1.01762259
22.0209999	1.01762879
22.0310001	1.01763308
22.0410004	1.01763570
22.0510006	1.01763654
22.0610008	1.01763558
22.0709991	1.01763272
22.0809994	1.01762819
22.0909996	1.01762176
22.1009998	1.01761365
22.1110001	1.01760364
22.1210003	1.01759195
22.1310005	1.01757836
22.1410007	1.01756310
22.1509991	1.01754606
22.1609993	1.01752722
22.1709995	1.01750660
22.1809998	1.01748431
22.1910000	1.01746011
22.2010002	1.01743424
22.2110004	1.01740670
22.2210007	1.01737726
22.2310009	1.01734614
22.2409992	1.01731336
22.2509995	1.01727879
22.2609997	1.01724243
22.2709999	1.01720440
22.2810001	1.01716471
22.2910004	1.01712322
22.3010006	1.01708007
22.3110008	1.01703513
22.3209991	1.01698852
22.3309994	1.01694036
22.3409996	1.01689041
22.3509998	1.01683879
22.3610001	1.01678550
22.3710003	1.01673055
22.3810005	1.01667392
22.3910007	1.01661563
22.4009991	1.01655579
22.4109993	1.01649415
22.4209995	1.01643109
22.4309998	1.01636624
22.4410000	1.01629984
22.4510002	1.01623189
22.4610004	1.01616228
22.4710007	1.01609123
22.4810009	1.01601839
22.4909992	1.01594412
22.5009995	1.01586831
22.5109997	1.01579094
22.5209999	1.01571202
22.5310001	1.01563156
22.5410004	1.01554954
22.5510006	1.01546609
22.5610008	1.01538110
22.5709991	1.01529467
22.5809994	1.01520681
22.5909996	1.01511741
22.6009998	1.01502669
22.6110001	1.01493442
22.6210003	1.01484072
22.6310005	1.01474571
22.6410007	1.01464927
22.6509991	1.01455140
22.6609993	1.01445222
22.6709995	1.01435161
22.6809998	1.01424968
22.6910000	1.01414645
22.7010002	1.01404190
22.7110004	1.01393616
22.7210007	1.01382899
22.7310009	1.01372063
22.7409992	1.01361096
22.7509995	1.01350009
22.7609997	1.01338792
22.7709999	1.01327467
22.7810001	1.01316011
22.7910004	1.01304448
22.8010006	1.01292765
22.8110008	1.01280963
22.8209991	1.01269042
22.8309994	1.01257026
22.8409996	1.01244891
22.8509998	1.01232648
22.8610001	1.01220310
22.8710003	1.01207852
22.8810005	1.01195300
22.8910007	1.01182640
22.9009991	1.01169884
22.9109993	1.01157033
22.9209995	1.01144087
22.9309998	1.01131046
22.9410000	1.01117909
22.9510002	1.01104677
22.9610004	1.01091361
22.9710007	1.01077962
22.9810009	1.01064467
22.9909992	1.01050901
23.0009995	1.01037252
23.0109997	1.01023507
23.0209999	1.01009703
23.0310001	1.00995815
23.0410004	1.00981843
23.0510006	1.00967813
23.0610008	1.00953710
23.0709991	1.00939524
23.0809994	1.00925291
23.0909996	1.00910974
23.1009998	1.00896597
23.1110001	1.00882161
23.1210003	1.00867665
23.1310005	1.00853109
23.1410007	1.00838506
23.1509991	1.00823832
23.1609993	1.00809121
23.1709995	1.00794351
23.1809998	1.00779521
23.1910000	1.00764656
23.2010002	1.00749743
23.2110004	1.00734782
23.2210007	1.00719786
23.2310009	1.00704741
23.2409992	1.00689650
23.2509995	1.00674534
23.2609997	1.00659382
23.2709999	1.00644183
23.2810001	1.00628972
23.2910004	1.00613713
23.3010006	1.00598431
23.3110008	1.00583124
23.3209991	1.00567782
23.3309994	1.00552428
23.3409996	1.00537050
23.3509998	1.00521636
23.3610001	1.00506222
23.3710003	1.00490785
23.3810005	1.00475323
23.3910007	1.00459850
23.4009991	1.00444365
23.4109993	1.00428879
23.4209995	1.00413370
23.4309998	1.00397861
23.4410000	1.00382340
23.4510002	1.00366807
23.4610004	1.00351286
23.4710007	1.00335753
23.4810009	1.00320220
23.4909992	1.00304687
23.5009995	1.00289154
23.5109997	1.00273633
23.5209999	1.00258112
23.5310001	1.00242603
23.5410004	1.00227094
23.5510006	1.00211596
23.5610008	1.00196111
23.5709991	1.00180638
23.5809994	1.00165176
23.5909996	1.00149727
23.6009998	1.00134301
23.6110001	1.00118887
23.6210003	1.00103498
23.6310005	1.00088131
23.6410007	1.00072777
23.6509991	1.00057447
23.6609993	1.00042152
23.6709995	1.00026870
23.6809998	1.00011623
23.6910000	0.999963999
23.7010002	0.999812126
23.7110004	0.999660492
23.7210007	0.999509215
23.7310009	0.999358296
23.7409992	0.999207675
23.7509995	0.999057412
23.7609997	0.998907566
23.7709999	0.998758078
23.7810001	0.998609006
23.7910004	0.998460352
23.8010006	0.998312116
23.8110008	0.998164296
23.8209991	0.998016953
23.8309994	0.997870028
23.8409996	0.997723579
23.8509998	0.997577667
23.8610001	0.997432232
23.8710003	0.997287273
23.8810005	0.997142911
23.8910007	0.996999025
23.9009991	0.996855676
23.9109993	0.996712923
23.9209995	0.996570706
23.9309998	0.996429145
23.9410000	0.996288121
23.9510002	0.996147692
23.9610004	0.996007919
23.9710007	0.995868742
23.9810009	0.995730221
23.9909992	0.995592415
24.0009995	0.995455205
24.0109997	0.995318711
24.0209999	0.995182872
24.0310001	0.995047748
24.0410004	0.994913340
24.0510006	0.994779706
24.0610008	0.994646788
24.0709991	0.994514585
24.0809994	0.994383156
24.0909996	0.994252503
24.1009998	0.994122624
24.1110001	0.993993580
24.1210003	0.993865311
24.1310005	0.993737876
24.1410007	0.993611276
24.1509991	0.993485510
24.1609993	0.993360639
24.1709995	0.993236601
24.1809998	0.993113399
24.1910000	0.992991149
24.2010002	0.992869794
24.2110004	0.992749333
24.2210007	0.992629766
24.2310009	0.992511153
24.2409992	0.992393494
24.2509995	0.992276788
24.2609997	0.992161036
24.2709999	0.992046237
24.2810001	0.991932452
24.2910004	0.991819680
24.3010006	0.991707921
24.3110008	0.991597116
24.3209991	0.991487384
24.3309994	0.991378665
24.3409996	0.991271019
24.3509998	0.991164446
24.3610001	0.991058946
24.3710003	0.990954459
24.3810005	0.990851104
24.3910007	0.990748823
24.4009991	0.990647674
24.4109993	0.990547657
24.4209995	0.990448713
24.4309998	0.990350902
24.4410000	0.990254283
24.4510002	0.990158796
24.4610004	0.990064442
24.4710007	0.989971280
24.4810009	0.989879251
24.4909992	0.989788473
24.5009995	0.989698827
24.5109997	0.989610434
24.5209999	0.989523232
24.5310001	0.989437222
24.5410004	0.989352405
24.5510006	0.989268899
24.5610008	0.989186585
24.5709991	0.989105523
24.5809994	0.989025652
24.5909996	0.988947093
24.6009998	0.988869786
24.6110001	0.988793790
24.6210003	0.988718987
24.6310005	0.988645494
24.6410007	0.988573313
24.6509991	0.988502383
24.6609993	0.988432765
24.6709995	0.988364458
24.6809998	0.988297462
24.6910000	0.988231778
24.7010002	0.988167405
24.7110004	0.988104284
24.7210007	0.988042533
24.7310009	0.987982154
24.7409992	0.987923026
24.7509995	0.987865269
24.7609997	0.987808883
24.7709999	0.987753808
24.7810001	0.987700045
24.7910004	0.987647653
24.8010006	0.987596571
24.8110008	0.987546861
24.8209991	0.987498522
24.8309994	0.987451553
24.8409996	0.987405896
24.8509998	0.987361610
24.8610001	0.987318695
24.8710003	0.987277091
24.8810005	0.987236857
24.8910007	0.987198055
24.9009991	0.987160563
24.9109993	0.987124383
24.9209995	0.987089634
24.9309998	0.987056255
24.9410000	0.987024188
24.9510002	0.986993492
24.9610004	0.986964166
24.9710007	0.986936212
24.9810009	0.986909628
24.9909992	0.986884356
25.0009995	0.986860514
25.0109997	0.986837983
25.0209999	0.986816823
25.0310001	0.986796975
25.0410004	0.986778498
25.0510006	0.986761391
25.0610008	0.986745656
25.0709991	0.986731231
25.0809994	0.986718118
25.0909996	0.986706376
25.1009998	0.986696005
25.1110001	0.986686945
25.1210003	0.986679256
25.1310005	0.986672878
25.1410007	0.986667812
25.1509991	0.986664057
25.1609993	0.986661673
25.1709995	0.986660600
25.1809998	0.986660779
25.1910000	0.986662328
25.2010002	0.986665189
25.2110004	0.986669362
25.2210007	0.986674845
25.2310009	0.986681581
25.2409992	0.986689687
25.2509995	0.986698985
25.2609997	0.986709654
25.2709999	0.986721575
25.2810001	0.986734807
25.2910004	0.986749291
25.3010006	0.986765027
25.3110008	0.986782014
25.3209991	0.986800313
25.3309994	0.986819863
25.3409996	0.986840665
25.3509998	0.986862719
25.3610001	0.986886024
25.3710003	0.986910522
25.3810005	0.986936271
25.3910007	0.986963272
25.4009991	0.986991525
25.4109993	0.987020969
25.4209995	0.987051606
25.4309998	0.987083495
25.4410000	0.987116575
25.4510002	0.987150848
25.4610004	0.987186313
25.4710007	0.987223029
25.4810009	0.987260878
25.4909992	0.987299860
25.5009995	0.987340093
25.5109997	0.987381458
25.5209999	0.987424016
25.5310001	0.987467706
25.5410004	0.987512589
25.5510006	0.987558603
25.5610008	0.987605691
25.5709991	0.987654030
25.5809994	0.987703443
25.5909996	0.987753928
25.6009998	0.987805605
25.6110001	0.987858355
25.6210003	0.987912238
25.6310005	0.987967253
25.6410007	0.988023281
25.6509991	0.988080442
25.6609993	0.988138735
25.6709995	0.988198042
25.6809998	0.988258421
25.6910000	0.988319874
25.7010002	0.988382399
25.7110004	0.988445997
25.7210007	0.988510609
25.7310009	0.988576233
25.7409992	0.988642931
25.7509995	0.988710642
25.7609997	0.988779366
25.7709999	0.988849103
25.7810001	0.988919795
25.7910004	0.988991559
25.8010006	0.989064276
25.8110008	0.989138007
25.8209991	0.989212692
25.8309994	0.989288330
25.8409996	0.989364922
25.8509998	0.989442527
25.8610001	0.989521027
25.8710003	0.989600480
25.8810005	0.989680827
25.8910007	0.989762127
25.9009991	0.989844322
25.9109993	0.989927471
25.9209995	0.990011454
25.9309998	0.990096390
25.9410000	0.990182161
25.9510002	0.990268826
25.9610004	0.990356326
25.9710007	0.990444720
25.9810009	0.990533948
25.9909992	0.990624011
26.0009995	0.990714848
26.0109997	0.990806580
26.0209999	0.990899086
26.0310001	0.990992367
26.0410004	0.991086483
26.0510006	0.991181374
26.0610008	0.991277039
26.0709991	0.991373420
26.0809994	0.991470575
26.0909996	0.991568506
26.1009998	0.991667151
26.1110001	0.991766512
26.1210003	0.991866589
26.1310005	0.991967320
26.1410007	0.992068768
26.1509991	0.992170930
26.1609993	0.992273748
26.1709995	0.992377162
26.1809998	0.992481291
26.1910000	0.992586017
26.2010002	0.992691398
26.2110004	0.992797375
26.2210007	0.992903948
26.2310009	0.993011117
26.2409992	0.993118823
26.2509995	0.993227124
26.2609997	0.993336022
26.2709999	0.993445396
26.2810001	0.993555367
26.2910004	0.993665814
26.3010006	0.993776739
26.3110008	0.993888199
26.3209991	0.994000137
26.3309994	0.994112551
26.3409996	0.994225383
26.3509998	0.994338691
26.3610001	0.994452477
26.3710003	0.994566619
26.3810005	0.994681180
26.3910007	0.994796157
26.4009991	0.994911492
26.4109993	0.995027184
26.4209995	0.995143235
26.4309998	0.995259643
26.4410000	0.995376408
26.4510002	0.995493412
26.4610004	0.995610774
26.4710007	0.995728433
26.4810009	0.995846391
26.4909992	0.995964527
26.5009995	0.996082962
26.5109997	0.996201694
26.5209999	0.996320546
26.5310001	0.996439695
26.5410004	0.996559024
26.5510006	0.996678472
26.5610008	0.996798158
26.5709991	0.996918023
26.5809994	0.997038007
26.5909996	0.997158110
26.6009998	0.997278333
26.6110001	0.997398674
26.6210003	0.997519076
26.6310005	0.997639596
26.6410007	0.997760177
26.6509991	0.997880816
26.6609993	0.998001456
26.6709995	0.998122156
26.6809998	0.998242915
26.6910000	0.998363614
26.7010002	0.998484313
26.7110004	0.998605013
26.7210007	0.998725653
26.7310009	0.998846233
26.7409992	0.998966813
26.7509995	0.999087274
26.7609997	0.999207616
26.7709999	0.999327898
26.7810001	0.999448061
26.7910004	0.999568105
26.8010006	0.999688029
26.8110008	0.999807835
26.8209991	0.999927402
26.8309994	1.00004685
26.8409996	1.00016606
26.8509998	1.00028515
26.8610001	1.00040400
26.8710003	1.00052261
26.8810005	1.00064099
26.8910007	1.00075912
26.9009991	1.00087702
26.9109993	1.00099468
26.9209995	1.00111198
26.9309998	1.00122905
26.9410000	1.00134575
26.9510002	1.00146222
26.9610004	1.00157833
26.9710007	1.00169420
26.9810009	1.00180960
26.9909992	1.00192475
27.0009995	1.00203943
27.0109997	1.00215375
27.0209999	1.00226772
27.0310001	1.00238132
27.0410004	1.00249445
27.0510006	1.00260723
27.0610008	1.00271952
27.0709991	1.00283146
27.0809994	1.00294280
27.0909996	1.00305378
27.1009998	1.00316429
27.1110001	1.00327432
27.1210003	1.00338387
27.1310005	1.00349283
27.1410007	1.00360143
27.1509991	1.00370944
27.1609993	1.00381684
27.1709995	1.00392389
27.1809998	1.00403023
27.1910000	1.00413609
27.2010002	1.00424135
27.2110004	1.00434613
27.2210007	1.00445020
27.2310009	1.00455379
27.2409992	1.00465667
27.2509995	1.00475907
27.2609997	1.00486076
27.2709999	1.00496185
27.2810001	1.00506222
27.2910004	1.00516212
27.3010006	1.00526130
27.3110008	1.00535977
27.3209991	1.00545752
27.3309994	1.00555468
27.3409996	1.00565124
27.3509998	1.00574696
27.3610001	1.00584209
27.3710003	1.00593638
27.3810005	1.00603008
27.3910007	1.00612295
27.4009991	1.00621521
27.4109993	1.00630665
27.4209995	1.00639737
27.4309998	1.00648725
27.4410000	1.00657642
27.4510002	1.00666487
27.4610004	1.00675249
27.4710007	1.00683928
27.4810009	1.00692534
27.4909992	1.00701058
27.5009995	1.00709498
27.5109997	1.00717854
27.5209999	1.00726140
27.5310001	1.00734329
27.5410004	1.00742447
27.5510006	1.00750470
27.5610008	1.00758410
27.5709991	1.00766265
27.5809994	1.00774026
27.5909996	1.00781715
27.6009998	1.00789309
27.6110001	1.00796807
27.6210003	1.00804222
27.6310005	1.00811541
27.6410007	1.00818777
27.6509991	1.00825918
27.6609993	1.00832963
27.6709995	1.00839925
27.6809998	1.00846791
27.6910000	1.00853562
27.7010002	1.00860226
27.7110004	1.00866807
27.7210007	1.00873291
27.7310009	1.00879681
27.7409992	1.00885963
27.7509995	1.00892162
27.7609997	1.00898254
27.7709999	1.00904250
27.7810001	1.00910139
27.7910004	1.00915933
27.8010006	1.00921631
27.8110008	1.00927222
27.8209991	1.00932717
27.8309994	1.00938106
27.8409996	1.00943387
27.8509998	1.00948572
27.8610001	1.00953650
27.8710003	1.00958633
27.8810005	1.00963497
27.8910007	1.00968266
27.9009991	1.00972927
27.9109993	1.00977480
27.9209995	1.00981927
27.9309998	1.00986278
27.9410000	1.00990510
27.9510002	1.00994635
27.9610004	1.00998652
27.9710007	1.01002562
27.9810009	1.01006365
27.9909992	1.01010060
28.0009995	1.01013649
28.0109997	1.01017118
28.0209999	1.01020491
28.0310001	1.01023746
28.0410004	1.01026893
28.0510006	1.01029921
28.0610008	1.01032841
28.0709991	1.01035655
28.0809994	1.01038361
28.0909996	1.01040947
28.1009998	1.01043427
28.1110001	1.01045787
28.1210003	1.01048040
28.1310005	1.01050186
28.1410007	1.01052213
28.1509991	1.01054132
28.1609993	1.01055932
28.1709995	1.01057625
28.1809998	1.01059210
28.1910000	1.01060677
28.2010002	1.01062036
28.2110004	1.01063275
28.2210007	1.01064396
28.2310009	1.01065421
28.2409992	1.01066315
28.2509995	1.01067114
28.2609997	1.01067793
28.2709999	1.01068354
28.2810001	1.01068807
28.2910004	1.01069152
28.3010006	1.01069379
28.3110008	1.01069498
28.3209991	1.01069510
28.3309994	1.01069403
28.3409996	1.01069188
28.3509998	1.01068854
28.3610001	1.01068413
28.3710003	1.01067865
28.3810005	1.01067209
28.3910007	1.01066434
28.4009991	1.01065552
28.4109993	1.01064563
28.4209995	1.01063466
28.4309998	1.01062250
28.4410000	1.01060939
28.4510002	1.01059508
28.4610004	1.01057982
28.4710007	1.01056337
28.4810009	1.01054585
28.4909992	1.01052737
28.5009995	1.01050770
28.5109997	1.01048708
28.5209999	1.01046526
28.5310001	1.01044250
28.5410004	1.01041865
28.5510006	1.01039386
28.5610008	1.01036799
28.5709991	1.01034105
28.5809994	1.01031303
28.5909996	1.01028407
28.6009998	1.01025403
28.6110001	1.01022303
28.6210003	1.01019108
28.6310005	1.01015806
28.6410007	1.01012409
28.6509991	1.01008904
28.6609993	1.01005304
28.6709995	1.01001608
28.6809998	1.00997818
28.6910000	1.00993931
28.7010002	1.00989950
28.7110004	1.00985873
28.7210007	1.00981700
28.7310009	1.00977433
28.7409992	1.00973070
28.7509995	1.00968611
28.7609997	1.00964069
28.7709999	1.00959432
28.7810001	1.00954711
28.7910004	1.00949895
28.8010006	1.00944984
28.8110008	1.00940001
28.8209991	1.00934911
28.8309994	1.00929749
28.8409996	1.00924492
28.8509998	1.00919151
28.8610001	1.00913727
28.8710003	1.00908220
28.8810005	1.00902629
28.8910007	1.00896955
28.9009991	1.00891197
28.9109993	1.00885367
28.9209995	1.00879443
28.9309998	1.00873446
28.9410000	1.00867379
28.9510002	1.00861228
28.9610004	1.00854993
28.9710007	1.00848687
28.9810009	1.00842297
28.9909992	1.00835848
29.0009995	1.00829315
29.0109997	1.00822711
29.0209999	1.00816023
29.0310001	1.00809276
29.0410004	1.00802457
29.0510006	1.00795567
29.0610008	1.00788605
29.0709991	1.00781584
29.0809994	1.00774479
29.0909996	1.00767314
29.1009998	1.00760090
29.1110001	1.00752795
29.1210003	1.00745440
29.1310005	1.00738013
29.1410007	1.00730526
29.1509991	1.00722980
29.1609993	1.00715363
29.1709995	1.00707698
29.1809998	1.00699961
29.1910000	1.00692177
29.2010002	1.00684333
29.2110004	1.00676429
29.2210007	1.00668466
29.2310009	1.00660455
29.2409992	1.00652385
29.2509995	1.00644255
29.2609997	1.00636077
29.2709999	1.00627851
29.2810001	1.00619566
29.2910004	1.00611246
29.3010006	1.00602865
29.3110008	1.00594437
29.3209991	1.00585961
29.3309994	1.00577438
29.3409996	1.00568867
29.3509998	1.00560248
29.3610001	1.00551593
29.3710003	1.00542891
29.3810005	1.00534153
29.3910007	1.00525367
29.4009991	1.00516534
29.4109993	1.00507665
29.4209995	1.00498760
29.4309998	1.00489819
29.4410000	1.00480843
29.4510002	1.00471830
29.4610004	1.00462770
29.4710007	1.00453687
29.4810009	1.00444567
29.4909992	1.00435424
29.5009995	1.00426233
29.5109997	1.00417018
29.5209999	1.00407779
29.5310001	1.00398505
29.5410004	1.00389206
29.5510006	1.00379884
29.5610008	1.00370526
29.5709991	1.00361156
29.5809994	1.00351751
29.5909996	1.00342333
29.6009998	1.00332880
29.6110001	1.00323415
29.6210003	1.00313926
29.6310005	1.00304425
29.6410007	1.00294900
29.6509991	1.00285351
29.6609993	1.00275803
29.6709995	1.00266230
29.6809998	1.00256634
29.6910000	1.00247037
29.7010002	1.00237429
29.7110004	1.00227797
29.7210007	1.00218165
29.7310009	1.00208521
29.7409992	1.00198877
29.7509995	1.00189209
29.7609997	1.00179553
29.7709999	1.00169873
29.7810001	1.00160205
29.7910004	1.00150526
29.8010006	1.00140846
29.8110008	1.00131166
29.8209991	1.00121486
29.8309994	1.00111806
29.8409996	1.00102127
29.8509998	1.00092459
29.8610001	1.00082779
29.8710003	1.00073111
29.8810005	1.00063455
29.8910007	1.00053799
29.9009991	1.00044155
29.9109993	1.00034523
29.9209995	1.00024891
29.9309998	1.00015283
29.9410000	1.00005674
29.9510002	0.999960840
29.9610004	0.999865115
29.9710007	0.999769509
29.9810009	0.999674022
29.9909992	0.999578774
30.0009995	0.999483645
30.0109997	0.999388754
30.0209999	0.999294043
30.0310001	0.999199510
30.0410004	0.999105215
30.0510006	0.999011159
30.0610008	0.998917401
30.0709991	0.998823822
30.0809994	0.998730481
30.0909996	0.998637438
30.1009998	0.998544693
30.1110001	0.998452187
30.1210003	0.998360038
30.1310005	0.998268127
30.1410007	0.998176575
30.1509991	0.998085320
30.1609993	0.997994423
30.1709995	0.997903883
30.1809998	0.997813642
30.1910000	0.997723818
30.2010002	0.997634292
30.2110004	0.997545183
30.2210007	0.997456491
30.2310009	0.997368157
30.2409992	0.997280240
30.2509995	0.997192740
30.2609997	0.997105658
30.2709999	0.997018993
30.2810001	0.996932745
30.2910004	0.996846974
30.3010006	0.996761620
30.3110008	0.996676803
30.3209991	0.996592402
30.3309994	0.996508479
30.3409996	0.996425033
30.3509998	0.996342063
30.3610001	0.996259630
30.3710003	0.996177733
30.3810005	0.996096313
30.3910007	0.996015370
30.4009991	0.995935023
30.4109993	0.995855212
30.4209995	0.995775878
30.4309998	0.995697141
30.4410000	0.995618999
30.4510002	0.995541394
30.4610004	0.995464325
30.4710007	0.995387852
30.4810009	0.995311975
30.4909992	0.995236695
30.5009995	0.995161951
30.5109997	0.995087862
30.5209999	0.995014369
30.5310001	0.994941533
30.5410004	0.994869292
30.5510006	0.994797647
30.5610008	0.994726658
30.5709991	0.994656324
30.5809994	0.994586587
30.5909996	0.994517505
30.6009998	0.994449079
30.6110001	0.994381368
30.6210003	0.994314253
30.6310005	0.994247854
30.6410007	0.994182110
30.6509991	0.994117081
30.6609993	0.994052649
30.6709995	0.993988991
30.6809998	0.993925989
30.6910000	0.993863702
30.7010002	0.993802130
30.7110004	0.993741214
30.7210007	0.993681014
30.7310009	0.993621588
30.7409992	0.993562877
30.7509995	0.993504822
30.7609997	0.993447542
30.7709999	0.993390977
30.7810001	0.993335187
30.7910004	0.993280113
30.8010006	0.993225753
30.8110008	0.993172169
30.8209991	0.993119359
30.8309994	0.993067265
30.8409996	0.993015945
30.8509998	0.992965400
30.8610001	0.992915630
30.8710003	0.992866576
30.8810005	0.992818356
30.8910007	0.992770851
30.9009991	0.992724180
30.9109993	0.992678225
30.9209995	0.992633104
30.9309998	0.992588758
30.9410000	0.992545187
30.9510002	0.992502451
30.9610004	0.992460489
30.9710007	0.992419302
30.9810009	0.992378891
30.9909992	0.992339313
31.0009995	0.992300570
31.0109997	0.992262602
31.0209999	0.992225468
31.0310001	0.992189109
31.0410004	0.992153645
31.0510006	0.992118895
31.0610008	0.992085040
31.0709991	0.992051959
31.0809994	0.992019713
31.0909996	0.991988301
31.1009998	0.991957724
31.1110001	0.991927981
31.1210003	0.991899073
31.1310005	0.991870940
31.1410007	0.991843700
31.1509991	0.991817296
31.1609993	0.991791666
31.1709995	0.991766930
31.1809998	0.991743028
31.1910000	0.991719961
31.2010002	0.991697729
31.2110004	0.991676331
31.2210007	0.991655827
31.2310009	0.991636157
31.2409992	0.991617322
31.2509995	0.991599321
31.2609997	0.991582155
31.2709999	0.991565883
31.2810001	0.991550446
31.2910004	0.991535842
31.3010006	0.991522133
31.3110008	0.991509259
31.3209991	0.991497219
31.3309994	0.991486073
31.3409996	0.991475761
31.3509998	0.991466284
31.3610001	0.991457701
31.3710003	0.991449952
31.3810005	0.991443038
31.3910007	0.991437018
31.4009991	0.991431832
31.4109993	0.991427541
31.4209995	0.991424084
31.4309998	0.991421461
31.4410000	0.991419733
31.4510002	0.991418839
31.4610004	0.991418779
31.4710007	0.991419613
31.4810009	0.991421223
31.4909992	0.991423786
31.5009995	0.991427124
31.5109997	0.991431355
31.5209999	0.991436422
31.5310001	0.991442382
31.5410004	0.991449118
31.5510006	0.991456747
31.5610008	0.991465211
31.5709991	0.991474509
31.5809994	0.991484642
31.5909996	0.991495669
31.6009998	0.991507471
31.6110001	0.991520166
31.6210003	0.991533637
31.6310005	0.991548002
31.6410007	0.991563141
31.6509991	0.991579115
31.6609993	0.991595984
31.6709995	0.991613626
31.6809998	0.991632104
31.6910000	0.991651356
31.7010002	0.991671443
31.7110004	0.991692364
31.7210007	0.991714120
31.7310009	0.991736650
31.7409992	0.991760015
31.7509995	0.991784155
31.7609997	0.991809130
31.7709999	0.991834879
31.7810001	0.991861403
31.7910004	0.991888762
31.8010006	0.991916835
31.8110008	0.991945744
31.8209991	0.991975427
31.8309994	0.992005885
31.8409996	0.992037058
31.8509998	0.992069066
31.8610001	0.992101848
31.8710003	0.992135346
31.8810005	0.992169559
31.8910007	0.992204607
31.9009991	0.992240369
31.9109993	0.992276847
31.9209995	0.992314100
31.9309998	0.992352068
31.9410000	0.992390752
31.9510002	0.992430151
31.9610004	0.992470264
31.9710007	0.992511094
31.9810009	0.992552638
31.9909992	0.992594898
32.0009995	0.992637813
32.0110016	0.992681444
32.0209999	0.992725790
32.0309982	0.992770791
32.0410004	0.992816448
32.0509987	0.992862761
32.0610008	0.992909729
32.0709991	0.992957413
32.0810013	0.993005693
32.0909996	0.993054688
32.1010017	0.993104279
32.1110001	0.993154466
32.1209984	0.993205309
32.1310005	0.993256807
32.1409988	0.993308842
32.1510010	0.993361533
32.1609993	0.993414819
32.1710014	0.993468702
32.1809998	0.993523180
32.1910019	0.993578255
32.2010002	0.993633866
32.2109985	0.993690073
32.2210007	0.993746817
32.2309990	0.993804157
32.2410011	0.993862033
32.2509995	0.993920445
32.2610016	0.993979394
32.2709999	0.994038820
32.2809982	0.994098842
32.2910004	0.994159341
32.3009987	0.994220376
32.3110008	0.994281888
32.3209991	0.994343877
32.3310013	0.994406402
32.3409996	0.994469345
32.3510017	0.994532824
32.3610001	0.994596720
32.3709984	0.994661093
32.3810005	0.994725943
32.3909988	0.994791210
32.4010010	0.994856954
32.4109993	0.994923055
32.4210014	0.994989634
32.4309998	0.995056629
32.4410019	0.995123982
32.4510002	0.995191813
32.4609985	0.995259941
32.4710007	0.995328546
32.4809990	0.995397508
32.4910011	0.995466828
32.5009995	0.995536506
32.5110016	0.995606542
32.5209999	0.995676935
32.5309982	0.995747685
32.5410004	0.995818734
32.5509987	0.995890141
32.5610008	0.995961905
32.5709991	0.996033907
32.5810013	0.996106267
32.5909996	0.996178925
32.6010017	0.996251822
32.6110001	0.996325076
32.6209984	0.996398568
32.6310005	0.996472299
32.6409988	0.996546328
32.6510010	0.996620655
32.6609993	0.996695161
32.6710014	0.996769965
32.6809998	0.996844947
32.6910019	0.996920168
32.7010002	0.996995628
32.7109985	0.997071266
32.7210007	0.997147143
32.7309990	0.997223198
32.7410011	0.997299433
32.7509995	0.997375906
32.7610016	0.997452497
32.7709999	0.997529268
32.7809982	0.997606158
32.7910004	0.997683227
32.8009987	0.997760475
32.8110008	0.997837842
32.8209991	0.997915328
32.8310013	0.997992933
32.8409996	0.998070657
32.8510017	0.998148501
32.8610001	0.998226404
32.8709984	0.998304427
32.8810005	0.998382568
32.8909988	0.998460770
32.9010010	0.998539031
32.9109993	0.998617291
32.9210014	0.998695672
32.9309998	0.998774111
32.9410019	0.998852551
32.9510002	0.998931050
32.9609985	0.999009609
32.9710007	0.999088109
32.9809990	0.999166667
32.9910011	0.999245226
33.0009995	0.999323785
33.0110016	0.999402285
33.0209999	0.999480844
33.0309982	0.999559283
33.0410004	0.999637783
33.0509987	0.999716163
33.0610008	0.999794543
33.0709991	0.999872804
33.0810013	0.999951065
33.0909996	1.00002921
33.1010017	1.00010729
33.1110001	1.00018525
33.1209984	1.00026321
33.1310005	1.00034106
33.1409988	1.00041866
33.1510010	1.00049627
33.1609993	1.00057375
33.1710014	1.00065100
33.1809998	1.00072813
33.1910019	1.00080526
33.2010002	1.00088203
33.2109985	1.00095880
33.2210007	1.00103533
33.2309990	1.00111163
33.2410011	1.00118780
33.2509995	1.00126386
33.2610016	1.00133955
33.2709999	1.00141513
33.2809982	1.00149047
33.2910004	1.00156569
33.3009987	1.00164056
33.3110008	1.00171518
33.3209991	1.00178957
33.3310013	1.00186384
33.3409996	1.00193763
33.3510017	1.00201130
33.3610001	1.00208461
33.3709984	1.00215769
33.3810005	1.00223053
33.3909988	1.00230300
33.4010010	1.00237513
33.4109993	1.00244701
33.4210014	1.00251865
33.4309998	1.00258982
33.4410019	1.00266075
33.4510002	1.00273120
33.4609985	1.00280142
33.4710007	1.00287127
33.4809990	1.00294077
33.4910011	1.00300992
33.5009995	1.00307858
33.5110016	1.00314701
33.5209999	1.00321496
33.5309982	1.00328243
33.5410004	1.00334966
33.5509987	1.00341642
33.5610008	1.00348270
33.5709991	1.00354862
33.5810013	1.00361407
33.5909996	1.00367916
33.6010017	1.00374365
33.6110001	1.00380778
33.6209984	1.00387144
33.6310005	1.00393474
33.6409988	1.00399745
33.6510010	1.00405967
33.6609993	1.00412154
33.6710014	1.00418282
33.6809998	1.00424361
33.6910019	1.00430393
33.7010002	1.00436366
33.7109985	1.00442290
33.7210007	1.00448167
33.7309990	1.00453997
33.7410011	1.00459766
33.7509995	1.00465477
33.7610016	1.00471139
33.7709999	1.00476754
33.7809982	1.00482309
33.7910004	1.00487804
33.8009987	1.00493240
33.8110008	1.00498629
33.8209991	1.00503945
33.8310013	1.00509214
33.8409996	1.00514424
33.8510017	1.00519586
33.8610001	1.00524676
33.8709984	1.00529706
33.8810005	1.00534678
33.8909988	1.00539589
33.9010010	1.00544441
33.9109993	1.00549221
33.9210014	1.00553954
33.9309998	1.00558615
33.9410019	1.00563216
33.9510002	1.00567758
33.9609985	1.00572228
33.9710007	1.00576639
33.9809990	1.00580990
33.9910011	1.00585270
34.0009995	1.00589490
34.0110016	1.00593638
34.0209999	1.00597715
34.0309982	1.00601745
34.0410004	1.00605690
34.0509987	1.00609577
34.0610008	1.00613391
34.0709991	1.00617146
34.0810013	1.00620830
34.0909996	1.00624454
34.1010017	1.00627995
34.1110001	1.00631475
34.1209984	1.00634885
34.1310005	1.00638235
34.1409988	1.00641501
34.1510010	1.00644708
34.1609993	1.00647843
34.1710014	1.00650907
34.1809998	1.00653899
34.1910019	1.00656819
34.2010002	1.00659668
34.2109985	1.00662458
34.2210007	1.00665164
34.2309990	1.00667810
34.2410011	1.00670373
34.2509995	1.00672877
34.2610016	1.00675309
34.2709999	1.00677657
34.2809982	1.00679946
34.2910004	1.00682163
34.3009987	1.00684297
34.3110008	1.00686371
34.3209991	1.00688362
34.3310013	1.00690293
34.3409996	1.00692141
34.3510017	1.00693917
34.3610001	1.00695634
34.3709984	1.00697267
34.3810005	1.00698829
34.3909988	1.00700319
34.4010010	1.00701737
34.4109993	1.00703084
34.4210014	1.00704360
34.4309998	1.00705564
34.4410019	1.00706685
34.4510002	1.00707746
34.4609985	1.00708723
34.4710007	1.00709629
34.4809990	1.00710475
34.4910011	1.00711238
34.5009995	1.00711930
34.5110016	1.00712550
34.5209999	1.00713098
34.5309982	1.00713575
34.5410004	1.00713980
34.5509987	1.00714302
34.5610008	1.00714564
34.5709991	1.00714743
34.5810013	1.00714862
34.5909996	1.00714910
34.6010017	1.00714874
34.6110001	1.00714767
34.6209984	1.00714600
34.6310005	1.00714350
34.6409988	1.00714040
34.6510010	1.00713646
34.6609993	1.00713193
34.6710014	1.00712657
34.6809998	1.00712049
34.6910019	1.00711381
34.7010002	1.00710642
34.7109985	1.00709820
34.7210007	1.00708938
34.7309990	1.00707984
34.7410011	1.00706959
34.7509995	1.00705862
34.7610016	1.00704694
34.7709999	1.00703466
34.7809982	1.00702155
34.7910004	1.00700784
34.8009987	1.00699341
34.8110008	1.00697827
34.8209991	1.00696254
34.8310013	1.00694609
34.8409996	1.00692892
34.8510017	1.00691104
34.8610001	1.00689244
34.8709984	1.00687325
34.8810005	1.00685346
34.8909988	1.00683284
34.9010010	1.00681174
34.9109993	1.00678980
34.9210014	1.00676727
34.9309998	1.00674415
34.9410019	1.00672019
34.9510002	1.00669575
34.9609985	1.00667059
34.9710007	1.00664473
34.9809990	1.00661838
34.9910011	1.00659120
35.0009995	1.00656354
35.0110016	1.00653517
35.0209999	1.00650620
35.0309982	1.00647652
35.0410004	1.00644636
35.0509987	1.00641549
35.0610008	1.00638402
35.0709991	1.00635183
35.0810013	1.00631917
35.0909996	1.00628591
35.1010017	1.00625193
35.1110001	1.00621748
35.1209984	1.00618231
35.1310005	1.00614667
35.1409988	1.00611031
35.1510010	1.00607347
35.1609993	1.00603604
35.1710014	1.00599802
35.1809998	1.00595939
35.1910019	1.00592029
35.2010002	1.00588059
35.2109985	1.00584030
35.2210007	1.00579941
35.2309990	1.00575805
35.2410011	1.00571620
35.2509995	1.00567377
35.2610016	1.00563073
35.2709999	1.00558722
35.2809982	1.00554323
35.2910004	1.00549865
35.3009987	1.00545359
35.3110008	1.00540805
35.3209991	1.00536203
35.3310013	1.00531542
35.3409996	1.00526845
35.3510017	1.00522089
35.3610001	1.00517285
35.3709984	1.00512433
35.3810005	1.00507545
35.3909988	1.00502598
35.4010010	1.00497615
35.4109993	1.00492585
35.4210014	1.00487506
35.4309998	1.00482380
35.4410019	1.00477219
35.4510002	1.00472009
35.4609985	1.00466764
35.4710007	1.00461471
35.4809990	1.00456131
35.4910011	1.00450766
35.5009995	1.00445354
35.5110016	1.00439894
35.5209999	1.00434411
35.5309982	1.00428879
35.5410004	1.00423312
35.5509987	1.00417721
35.5610008	1.00412083
35.5709991	1.00406408
35.5810013	1.00400698
35.5909996	1.00394952
35.6010017	1.00389183
35.6110001	1.00383377
35.6209984	1.00377536
35.6310005	1.00371671
35.6409988	1.00365770
35.6510010	1.00359833
35.6609993	1.00353873
35.6710014	1.00347888
35.6809998	1.00341868
35.6910019	1.00335824
35.7010002	1.00329757
35.7109985	1.00323653
35.7210007	1.00317538
35.7309990	1.00311387
35.7410011	1.00305223
35.7509995	1.00299025
35.7610016	1.00292814
35.7709999	1.00286567
35.7809982	1.00280309
35.7910004	1.00274038
35.8009987	1.00267732
35.8110008	1.00261414
35.8209991	1.00255084
35.8310013	1.00248730
35.8409996	1.00242352
35.8510017	1.00235963
35.8610001	1.00229561
35.8709984	1.00223148
35.8810005	1.00216711
35.8909988	1.00210273
35.9010010	1.00203812
35.9109993	1.00197339
35.9210014	1.00190866
35.9309998	1.00184369
35.9410019	1.00177860
35.9510002	1.00171351
35.9609985	1.00164831
35.9710007	1.00158298
35.9809990	1.00151765
35.9910011	1.00145221
36.0009995	1.00138676
36.0110016	1.00132120
36.0209999	1.00125563
36.0309982	1.00118995
36.0410004	1.00112438
36.0509987	1.00105858
36.0610008	1.00099289
36.0709991	1.00092721
36.0810013	1.00086153
36.0909996	1.00079572
36.1010017	1.00073004
36.1110001	1.00066435
36.1209984	1.00059855
36.1310005	1.00053298
36.1409988	1.00046730
36.1510010	1.00040174
36.1609993	1.00033617
36.1710014	1.00027061
36.1809998	1.00020516
36.1910019	1.00013983
36.2010002	1.00007451
36.2109985	1.00000930
36.2210007	0.999944091
36.2309990	0.999879062
36.2410011	0.999814093
36.2509995	0.999749243
36.2610016	0.999684453
36.2709999	0.999619782
36.2809982	0.999555290
36.2910004	0.999490857
36.3009987	0.999426603
36.3110008	0.999362469
36.3209991	0.999298453
36.3310013	0.999234617
36.3409996	0.999170959
36.3510017	0.999107420
36.3610001	0.999044061
36.3709984	0.998980880
36.3810005	0.998917878
36.3909988	0.998854995
36.4010010	0.998792410
36.4109993	0.998729944
36.4210014	0.998667717
36.4309998	0.998605669
36.4410019	0.998543859
36.4510002	0.998482227
36.4609985	0.998420894
36.4710007	0.998359740
36.4809990	0.998298824
36.4910011	0.998238146
36.5009995	0.998177707
36.5110016	0.998117507
36.5209999	0.998057604
36.5309982	0.997997940
36.5410004	0.997938573
36.5509987	0.997879446
36.5610008	0.997820616
36.5709991	0.997762024
36.5810013	0.997703791
36.5909996	0.997645795
36.6010017	0.997588158
36.6110001	0.997530758
36.6209984	0.997473717
36.6310005	0.997416973
36.6409988	0.997360528
36.6510010	0.997304440
36.6609993	0.997248650
36.6710014	0.997193217
36.6809998	0.997138143
36.6910019	0.997083366
36.7010002	0.997028947
36.7109985	0.996974945
36.7210007	0.996921241
36.7309990	0.996867895
36.7410011	0.996814966
36.7509995	0.996762395
36.7610016	0.996710181
36.7709999	0.996658385
36.7809982	0.996606946
36.7910004	0.996555924
36.8009987	0.996505260
36.8110008	0.996455014
36.8209991	0.996405184
36.8310013	0.996355772
36.8409996	0.996306777
36.8510017	0.996258199
36.8610001	0.996210039
36.8709984	0.996162295
36.8810005	0.996115029
36.8909988	0.996068180
36.9010010	0.996021748
36.9109993	0.995975792
36.9210014	0.995930254
36.9309998	0.995885193
36.9410019	0.995840609
36.9510002	0.995796442
36.9609985	0.995752752
36.9710007	0.995709538
36.9809990	0.995666802
36.9910011	0.995624602
37.0009995	0.995582819
37.0110016	0.995541513
37.0209999	0.995500743
37.0309982	0.995460451
37.0410004	0.995420635
37.0509987	0.995381355
37.0610008	0.995342553
37.0709991	0.995304286
37.0810013	0.995266497
37.0909996	0.995229244
37.1010017	0.995192468
37.1110001	0.995156288
37.1209984	0.995120585
37.1310005	0.995085418
37.1409988	0.995050788
37.1510010	0.995016634
37.1609993	0.994983077
37.1710014	0.994950056
37.1809998	0.994917572
37.1910019	0.994885683
37.2010002	0.994854271
37.2109985	0.994823456
37.2210007	0.994793177
37.2309990	0.994763434
37.2410011	0.994734287
37.2509995	0.994705677
37.2610016	0.994677603
37.2709999	0.994650126
37.2809982	0.994623244
37.2910004	0.994596899
37.3009987	0.994571149
37.3110008	0.994545937
37.3209991	0.994521379
37.3310013	0.994497299
37.3409996	0.994473875
37.3510017	0.994450986
37.3610001	0.994428694
37.3709984	0.994406998
37.3810005	0.994385898
37.3909988	0.994365394
37.4010010	0.994345427
37.4109993	0.994326115
37.4210014	0.994307339
37.4309998	0.994289219
37.4410019	0.994271636
37.4510002	0.994254708
37.4609985	0.994238317
37.4710007	0.994222522
37.4809990	0.994207382
37.4910011	0.994192779
37.5009995	0.994178832
37.5110016	0.994165480
37.5209999	0.994152725
37.5309982	0.994140565
37.5410004	0.994129002
37.5509987	0.994118035
37.5610008	0.994107664
37.5709991	0.994097888
37.5810013	0.994088769
37.5909996	0.994080186
37.6010017	0.994072258
37.6110001	0.994064927
37.6209984	0.994058192
37.6310005	0.994052052
37.6409988	0.994046569
37.6510010	0.994041622
37.6609993	0.994037271
37.6710014	0.994033575
37.6809998	0.994030476
37.6910019	0.994027972
37.7010002	0.994026005
37.7109985	0.994024694
37.7210007	0.994023979
37.7309990	0.994023860
37.7410011	0.994024336
37.7509995	0.994025409
37.7610016	0.994027078
37.7709999	0.994029343
37.7809982	0.994032204
37.7910004	0.994035661
37.8009987	0.994039714
37.8110008	0.994044363
37.8209991	0.994049549
37.8310013	0.994055390
37.8409996	0.994061768
37.8510017	0.994068742
37.8610001	0.994076312
37.8709984	0.994084418
37.8810005	0.994093120
37.8909988	0.994102418
37.9010010	0.994112313
37.9109993	0.994122744
37.9210014	0.994133770
37.9309998	0.994145334
37.9410019	0.994157493
37.9510002	0.994170249
37.9609985	0.994183481
37.9710007	0.994197369
37.9809990	0.994211793
37.9910011	0.994226754
38.0009995	0.994242251
38.0110016	0.994258344
38.0209999	0.994274974
38.0309982	0.994292140
38.0410004	0.994309843
38.0509987	0.994328141
38.0610008	0.994346917
38.0709991	0.994366288
38.0810013	0.994386137
38.0909996	0.994406581
38.1010017	0.994427502
38.1110001	0.994449019
38.1209984	0.994471014
38.1310005	0.994493544
38.1409988	0.994516551
38.1510010	0.994540155
38.1609993	0.994564235
38.1710014	0.994588792
38.1809998	0.994613886
38.1910019	0.994639516
38.2010002	0.994665623
38.2109985	0.994692266
38.2210007	0.994719326
38.2309990	0.994746923
38.2410011	0.994775057
38.2509995	0.994803607
38.2610016	0.994832695
38.2709999	0.994862258
38.2809982	0.994892240
38.2910004	0.994922757
38.3009987	0.994953752
38.3110008	0.994985163
38.3209991	0.995017111
38.3310013	0.995049477
38.3409996	0.995082259
38.3510017	0.995115578
38.3610001	0.995149314
38.3709984	0.995183468
38.3810005	0.995218098
38.3909988	0.995253146
38.4010010	0.995288670
38.4109993	0.995324552
38.4210014	0.995360970
38.4309998	0.995397747
38.4410019	0.995434940
38.4510002	0.995472550
38.4609985	0.995510578
38.4710007	0.995549023
38.4809990	0.995587885
38.4910011	0.995627165
38.5009995	0.995666802
38.5110016	0.995706856
38.5209999	0.995747268
38.5309982	0.995788097
38.5410004	0.995829344
38.5509987	0.995870888
38.5610008	0.995912850
38.5709991	0.995955169
38.5810013	0.995997846
38.5909996	0.996040940
38.6010017	0.996084332
38.6110001	0.996128082
38.6209984	0.996172190
38.6310005	0.996216655
38.6409988	0.996261418
38.6510010	0.996306539
38.6609993	0.996351957
38.6710014	0.996397734
38.6809998	0.996443808
38.6910019	0.996490240
38.7010002	0.996536970
38.7109985	0.996583939
38.7210007	0.996631265
38.7309990	0.996678889
38.7410011	0.996726811
38.7509995	0.996774971
38.7610016	0.996823490
38.7709999	0.996872187
38.7809982	0.996921241
38.7910004	0.996970534
38.8009987	0.997020066
38.8110008	0.997069895
38.8209991	0.997119904
38.8310013	0.997170210
38.8409996	0.997220755
38.8510017	0.997271538
38.8610001	0.997322559
38.8709984	0.997373760
38.8810005	0.997425199
38.8909988	0.997476876
38.9010010	0.997528732
38.9109993	0.997580826
38.9210014	0.997633100
38.9309998	0.997685552
38.9410019	0.997738242
38.9510002	0.997791052
38.9609985	0.997844040
38.9710007	0.997897208
38.9809990	0.997950554
38.9910011	0.998004079
39.0009995	0.998057723
39.0110016	0.998111546
39.0209999	0.998165488
39.0309982	0.998219550
39.0410004	0.998273790
39.0509987	0.998328149
39.0610008	0.998382568
39.0709991	0.998437166
39.0810013	0.998491883
39.0909996	0.998546660
39.1010017	0.998601496
39.1110001	0.998656511
39.1209984	0.998711526
39.1310005	0.998766720
39.1409988	0.998821914
39.1510010	0.998877168
39.1609993	0.998932540
39.1710014	0.998987913
39.1809998	0.999043345
39.1910019	0.999098897
39.2010002	0.999154389
39.2109985	0.999209940
39.2210007	0.999265552
39.2309990	0.999321163
39.2410011	0.999376774
39.2509995	0.999432445
39.2610016	0.999488115
39.2709999	0.999543726
39.2809982	0.999599338
39.2910004	0.999655008
39.3009987	0.999710560
39.3110008	0.999766171
39.3209991	0.999821723
39.3310013	0.999877214
39.3409996	0.999932706
39.3510017	0.999988139
39.3610001	1.00004351
39.3709984	1.00009882
39.3810005	1.00015402
39.3909988	1.00020921
39.4010010	1.00026429
39.4109993	1.00031936
39.4210014	1.00037420
39.4309998	1.00042903
39.4410019	1.00048387
39.4510002	1.00053847
39.4609985	1.00059295
39.4710007	1.00064743
39.4809990	1.00070167
39.4910011	1.00075579
39.5009995	1.00080991
39.5110016	1.00086379
39.5209999	1.00091755
39.5309982	1.00097108
39.5410004	1.00102460
39.5509987	1.00107789
39.5610008	1.00113094
39.5709991	1.00118399
39.5810013	1.00123680
39.5909996	1.00128937
39.6010017	1.00134182
39.6110001	1.00139403
39.6209984	1.00144613
39.6310005	1.00149786
39.6409988	1.00154960
39.6510010	1.00160098
39.6609993	1.00165224
39.6710014	1.00170326
39.6809998	1.00175405
39.6910019	1.00180459
39.7010002	1.00185490
39.7109985	1.00190496
39.7210007	1.00195479
39.7309990	1.00200438
39.7410011	1.00205374
39.7509995	1.00210273
39.7610016	1.00215161
39.7709999	1.00220013
39.7809982	1.00224841
39.7910004	1.00229645
39.8009987	1.00234413
39.8110008	1.00239158
39.8209991	1.00243878
39.8310013	1.00248563
39.8409996	1.00253224
39.8510017	1.00257850
39.8610001	1.00262451
39.8709984	1.00267017
39.8810005	1.00271547
39.8909988	1.00276053
39.9010010	1.00280523
39.9109993	1.00284958
39.9210014	1.00289357
39.9309998	1.00293732
39.9410019	1.00298071
39.9510002	1.00302374
39.9609985	1.00306642
39.9710007	1.00310874
39.9809990	1.00315082
39.9910011	1.00319242
40.0009995	1.00323367
40.0110016	1.00327456
40.0209999	1.00331521
40.0309982	1.00335538
40.0410004	1.00339508
40.0509987	1.00343454
40.0610008	1.00347364
40.0709991	1.00351226
40.0810013	1.00355053
40.0909996	1.00358844
40.1010017	1.00362587
40.1110001	1.00366294
40.1209984	1.00369966
40.1310005	1.00373590
40.1409988	1.00377178
40.1510010	1.00380719
40.1609993	1.00384223
40.1710014	1.00387692
40.1809998	1.00391114
40.1910019	1.00394487
40.2010002	1.00397825
40.2109985	1.00401115
40.2210007	1.00404370
40.2309990	1.00407577
40.2410011	1.00410736
40.2509995	1.00413859
40.2610016	1.00416923
40.2709999	1.00419950
40.2809982	1.00422943
40.2910004	1.00425875
40.3009987	1.00428772
40.3110008	1.00431621
40.3209991	1.00434422
40.3310013	1.00437176
40.3409996	1.00439882
40.3510017	1.00442553
40.3610001	1.00445163
40.3709984	1.00447738
40.3810005	1.00450253
40.3909988	1.00452733
40.4010010	1.00455153
40.4109993	1.00457537
40.4210014	1.00459862
40.4309998	1.00462151
40.4410019	1.00464380
40.4510002	1.00466561
40.4609985	1.00468695
40.4710007	1.00470781
40.4809990	1.00472820
40.4910011	1.00474811
40.5009995	1.00476742
40.5110016	1.00478637
40.5209999	1.00480473
40.5309982	1.00482261
40.5410004	1.00483990
40.5509987	1.00485682
40.5610008	1.00487316
40.5709991	1.00488901
40.5810013	1.00490439
40.5909996	1.00491917
40.6010017	1.00493348
40.6110001	1.00494730
40.6209984	1.00496054
40.6310005	1.00497341
40.6409988	1.00498569
40.6510010	1.00499737
40.6609993	1.00500858
40.6710014	1.00501931
40.6809998	1.00502956
40.6910019	1.00503922
40.7010002	1.00504827
40.7109985	1.00505698
40.7210007	1.00506508
40.7309990	1.00507259
40.7410011	1.00507975
40.7509995	1.00508618
40.7610016	1.00509226
40.7709999	1.00509775
40.7809982	1.00510275
40.7910004	1.00510716
40.8009987	1.00511110
40.8110008	1.00511444
40.8209991	1.00511730
40.8310013	1.00511968
40.8409996	1.00512147
40.8510017	1.00512278
40.8610001	1.00512350
40.8709984	1.00512385
40.8810005	1.00512350
40.8909988	1.00512278
40.9010010	1.00512135
40.9109993	1.00511956
40.9210014	1.00511718
40.9309998	1.00511432
40.9410019	1.00511098
40.9510002	1.00510705
